StrainIndex  Lineage  Cluster  Name
1            2        4        ERR069738
2            3        5        ERR069738
3            3        5        ERR069738
4            4        6        ERR069738
5            3        5        ERR129065
6            4        6        ERR069700
7            4        6        ERR069786
8            4        6        ERR129176
9            4        6        ERR069709
10           4        6        ERR067985
11           4        6        ERR129212
12           3        5        ERR068037
13           1        2        ERR069814
14           4        6        ERR069773
15           4        6        ERR067966
16           3        5        ERR129029
17           4        6        ERR129105
18           4        6        ERR069823
19           2        1        ERR124319
20           4        6        ERR068001
21           4        6        ERR129117
22           1        2        ERR068007
23           2        4        ERR068008
24           4        6        ERR067969
25           4        6        ERR065325
26           4        6        ERR124256
27           4        6        ERR065960
28           3        5        ERR065326
29           4        6        ERR065326
30           4        6        ERR129075
31           3        5        ERR069826
32           3        5        ERR129107
33           2        4        ERR065302
34           3        5        ERR065302
35           4        6        ERR129187
36           4        6        ERR124314
37           3        5        ERR069686
38           4        6        ERR069824
39           4        6        ERR068048
40           3        5        ERR069688
41           4        6        ERR069685
42           3        5        ERR124257
43           3        5        ERR124287
44           4        6        ERR067964
45           4        6        ERR129213
46           3        5        ERR129155
47           4        6        ERR129042
48           4        6        ERR069835
49           3        5        ERR129146
50           4        6        ERR069729
51           4        6        ERR069748
52           4        6        ERR069843
53           4        6        ERR069752
54           4        6        ERR129214
55           4        6        ERR068014
56           4        6        ERR124255
57           3        5        ERR129159
58           4        6        ERR129159
59           3        5        ERR129204
60           2        4        ERR129204
61           4        6        ERR129204
62           3        5        ERR129204
63           4        6        ERR129094
64           4        6        ERR069689
65           3        5        ERR067981
66           3        5        ERR067996
67           3        5        ERR129052
68           4        6        ERR069792
69           3        5        ERR124228
70           3        3        ERR129044
71           4        6        ERR065353
72           4        6        ERR065953
73           3        5        ERR129076
74           4        6        ERR069725
75           4        6        ERR129051
76           4        6        ERR129157
77           4        6        ERR124311
78           4        6        ERR069746
79           4        6        ERR068031
80           4        6        ERR124291
81           3        5        ERR129055
82           3        5        ERR069780
83           4        6        ERR124288
84           4        6        ERR129026
85           4        6        ERR124218
86           3        5        ERR068027
87           4        6        ERR069710
88           4        6        ERR069789
89           3        5        ERR065343
90           3        5        ERR069802
91           4        6        ERR129027
92           4        6        ERR129180
93           4        6        ERR068016
94           4        6        ERR069812
95           4        6        ERR065354
96           4        6        ERR069787
97           3        3        ERR129039
98           3        5        ERR067995
99           4        6        ERR067993
100          4        6        ERR067993
101          3        5        ERR129106
102          4        6        ERR129132
103          4        6        ERR065292
104          3        5        ERR067961
105          3        5        ERR069820
106          3        5        ERR129116
107          4        6        ERR124283
108          4        6        ERR065293
109          4        6        ERR068018
110          4        6        ERR124296
111          4        6        ERR068039
112          4        6        ERR068004
113          4        6        ERR068041
114          4        6        ERR129050
115          3        5        ERR069830
116          4        6        ERR129206
117          4        6        ERR068026
118          3        5        ERR129147
119          3        5        ERR065338
120          4        6        ERR065297
121          4        6        ERR129061
122          3        5        ERR124219
123          3        5        ERR065345
124          3        3        ERR069768
125          4        6        ERR065967
126          4        6        ERR124223
127          4        6        ERR069734
128          3        5        ERR129167
129          4        6        ERR129092
130          4        6        ERR124268
131          4        6        ERR065344
132          4        6        ERR068006
133          4        6        ERR068035
134          2        4        ERR069782
135          4        6        ERR069782
136          4        6        ERR065959
137          4        6        ERR069832
138          4        6        ERR065320
139          3        5        ERR124292
140          1        2        ERR129043
141          2        1        ERR129043
142          3        5        ERR069800
143          4        6        ERR068021
144          4        6        ERR067998
145          3        5        ERR124312
146          3        5        ERR065311
147          3        5        ERR067967
148          4        6        ERR069716
149          4        6        ERR129057
150          4        6        ERR067977
151          4        6        ERR129131
152          4        6        ERR069772
153          4        6        ERR069750
154          4        6        ERR069715
155          3        5        ERR065966
156          4        6        ERR069803
157          4        6        ERR069803
158          4        6        ERR124320
159          4        6        ERR069804
160          3        5        ERR069692
161          4        6        ERR124249
162          3        5        ERR069723
163          3        5        ERR067976
164          3        5        ERR065307
165          4        6        ERR065962
166          2        4        ERR069745
167          3        5        ERR069718
168          3        5        ERR124224
169          3        5        ERR069790
170          4        6        ERR069827
171          4        6        ERR124309
172          4        6        ERR069806
173          4        6        ERR067978
174          4        6        ERR069741
175          4        6        ERR067991
176          3        5        ERR069722
177          4        6        ERR124260
178          3        5        ERR124260
179          3        5        ERR124260
180          2        4        ERR124260
181          4        6        ERR069701
182          4        6        ERR129124
183          4        6        ERR124246
184          4        6        ERR065299
185          4        6        ERR124233
186          4        6        ERR069818
187          4        6        ERR065294
188          3        5        ERR069778
189          3        5        ERR068015
190          3        5        ERR065355
191          4        6        ERR068023
192          3        5        ERR069777
193          4        6        ERR069704
194          3        5        ERR069807
195          4        6        ERR129034
196          4        6        ERR129172
197          4        6        ERR124240
198          3        5        ERR124240
199          4        6        ERR065315
200          3        5        ERR065346
201          4        6        ERR069828
202          4        6        ERR069755
203          4        6        ERR069697
204          3        5        ERR065306
205          3        5        ERR069838
206          4        6        ERR069838
207          3        5        ERR065313
208          3        5        ERR124243
209          3        5        ERR067975
210          4        6        ERR129053
211          3        5        ERR129082
212          3        5        ERR069743
213          3        5        ERR067980
214          4        6        ERR124258
215          3        5        ERR124276
216          4        6        ERR065318
217          3        5        ERR129067
218          3        5        ERR065349
219          4        6        ERR068030
220          4        6        ERR069730
221          4        6        ERR124300
222          4        6        ERR069841
223          4        6        ERR069841
224          3        3        ERR069841
225          3        5        ERR065955
226          3        5        ERR129121
227          4        6        ERR069739
228          4        6        ERR069765
229          4        6        ERR069810
230          3        5        ERR129174
231          3        5        ERR124318
232          2        4        ERR129177
233          4        6        ERR065352
234          4        6        ERR129113
235          2        4        ERR069839
236          4        6        ERR069788
237          4        6        ERR067983
238          4        6        ERR069784
239          3        5        ERR065322
240          4        6        ERR124242
241          3        5        ERR124242
242          2        4        ERR129137
243          4        6        ERR124231
244          4        6        ERR124304
245          1        2        ERR065308
246          3        5        ERR065308
247          2        4        ERR065958
248          4        6        ERR124282
249          4        6        ERR067989
250          4        6        ERR129078
251          4        6        ERR129110
252          4        6        ERR129135
253          4        6        ERR069702
254          4        6        ERR068043
255          4        6        ERR065964
256          3        5        ERR129125
257          4        6        ERR069705
258          4        6        ERR129031
259          4        6        ERR129049
260          3        5        ERR129205
261          3        5        ERR069694
262          3        5        ERR129058
263          2        1        ERR129058
264          2        1        ERR068009
265          4        6        ERR065330
266          4        6        ERR124313
267          4        6        ERR069719
268          4        6        ERR129188
269          2        4        ERR129188
270          4        6        ERR124280
271          4        6        ERR069837
272          4        6        ERR069779
273          3        5        ERR069775
274          2        4        ERR069775
275          4        6        ERR069770
276          4        6        ERR129084
277          3        5        ERR129073
278          4        6        ERR069840
279          3        5        ERR129192
280          4        6        ERR069721
281          3        5        ERR069736
282          3        5        ERR129098
283          4        6        ERR069797
284          3        5        ERR065339
285          4        6        ERR069816
286          3        5        ERR124238
287          2        4        ERR068049
288          1        2        ERR068049
289          4        6        ERR069695
290          3        5        ERR068022
291          4        6        ERR124230
292          4        6        ERR069762
293          3        5        ERR067973
294          4        6        ERR069821
295          4        6        ERR069740
296          3        5        ERR065331
297          3        5        ERR067972
298          4        6        ERR124297
299          4        6        ERR124237
300          3        5        ERR067987
301          3        5        ERR129141
302          4        6        ERR065956
303          4        6        ERR069808
304          3        3        ERR129047
305          3        5        ERR129133
306          4        6        ERR129095
307          3        5        ERR129201
308          4        6        ERR124298
309          3        3        ERR129194
310          3        5        ERR129171
311          3        5        ERR129122
