StrainIndex  Lineage  Cluster  Name
1            3        4        ERR069738
2            1        2        ERR065974
3            3        5        ERR129065
4            3        6        ERR129037
5            3        7        ERR124247
6            2        3        ERR124222
7            3        9        ERR065305
8            3        7        ERR069786
9            3        8        ERR129179
10           3        9        ERR129176
11           3        9        ERR069709
12           3        6        ERR067985
13           3        5        ERR129212
14           3        4        ERR068037
15           3        6        ERR069814
16           3        8        ERR124241
17           3        9        ERR069795
18           3        8        ERR124293
19           3        9        ERR069735
20           3        8        ERR069773
21           3        8        ERR129029
22           3        9        ERR129105
23           3        8        ERR124226
24           3        7        ERR129196
25           3        7        ERR069823
26           3        9        ERR124319
27           3        9        ERR068001
28           3        9        ERR129117
29           3        8        ERR069764
30           3        6        ERR068007
31           3        9        ERR068008
32           3        8        ERR069703
33           3        9        ERR129195
34           3        8        ERR065325
35           3        7        ERR124256
36           3        8        ERR129087
37           3        9        ERR069819
38           3        9        ERR129129
39           3        8        ERR065960
40           3        9        ERR069796
41           3        6        ERR065326
42           3        6        ERR069712
43           3        8        ERR124244
44           2        3        ERR129075
45           3        6        ERR069713
46           3        5        ERR069826
47           1        2        ERR065341
48           3        9        ERR069771
49           2        3        ERR069706
50           3        9        ERR065970
51           1        2        ERR129130
52           3        4        ERR129096
53           3        5        ERR129107
54           3        7        ERR069809
55           3        8        ERR065302
56           3        9        ERR129187
57           3        4        ERR069686
58           3        9        ERR069824
59           3        7        ERR068048
60           3        9        ERR065972
61           3        9        ERR129164
62           3        4        ERR069688
63           3        4        ERR069685
64           3        4        ERR124307
65           3        8        ERR067962
66           3        6        ERR124257
67           3        6        ERR129127
68           3        7        ERR065301
69           3        5        ERR124287
70           3        4        ERR068025
71           3        7        ERR067964
72           3        4        ERR069811
73           3        6        ERR069727
74           3        9        ERR129063
75           3        7        ERR065332
76           3        6        ERR129028
77           3        9        ERR065287
78           3        9        ERR129213
79           3        5        ERR129155
80           3        7        ERR129042
81           3        8        ERR129148
82           3        8        ERR129040
83           3        7        ERR069835
84           3        5        ERR129146
85           3        8        ERR129102
86           3        9        ERR069729
87           3        4        ERR129152
88           3        5        ERR069748
89           2        3        ERR069843
90           3        9        ERR124229
91           3        9        ERR129088
92           3        6        ERR069752
93           3        7        ERR065350
94           3        9        ERR129149
95           3        6        ERR129214
96           3        9        ERR069833
97           3        4        ERR124310
98           3        6        ERR068046
99           3        6        ERR129215
100          3        9        ERR129140
101          3        9        ERR069831
102          3        9        ERR068014
103          3        9        ERR124315
104          2        3        ERR124255
105          3        7        ERR065342
106          3        8        ERR124235
107          3        6        ERR129159
108          3        4        ERR129204
109          3        9        ERR129094
110          3        5        ERR069689
111          3        9        ERR069751
112          3        7        ERR068005
113          3        8        ERR069749
114          3        9        ERR067981
115          3        4        ERR067996
116          3        8        ERR129052
117          3        7        ERR069785
118          3        8        ERR069792
119          3        7        ERR124271
120          3        9        ERR069687
121          3        8        ERR124277
122          3        9        ERR124228
123          3        9        ERR129044
124          3        9        ERR065353
125          3        8        ERR129074
126          3        9        ERR069817
127          3        9        ERR065953
128          3        5        ERR129076
129          3        6        ERR129154
130          3        7        ERR069725
131          3        6        ERR068040
132          3        6        ERR129051
133          3        9        ERR129157
134          3        5        ERR124311
135          3        7        ERR069746
136          3        8        ERR068031
137          3        6        ERR067986
138          3        6        ERR124291
139          3        5        ERR129055
140          3        5        ERR069780
141          3        4        ERR065327
142          3        6        ERR069822
143          3        9        ERR129207
144          3        9        ERR124288
145          3        7        ERR129026
146          3        8        ERR124218
147          3        5        ERR068027
148          3        9        ERR069710
149          3        6        ERR065310
150          3        9        ERR129160
151          3        8        ERR065300
152          3        6        ERR069789
153          3        4        ERR065343
154          3        5        ERR069802
155          3        8        ERR129027
156          3        9        ERR129170
157          3        4        ERR129048
158          3        6        ERR065968
159          1        2        ERR065965
160          3        9        ERR068044
161          3        5        ERR129180
162          3        7        ERR068016
163          3        8        ERR065324
164          3        9        ERR129112
165          3        9        ERR129158
166          3        7        ERR069698
167          3        7        ERR069812
168          3        6        ERR124302
169          3        6        ERR129083
170          3        8        ERR065354
171          3        9        ERR068017
172          3        7        ERR129066
173          3        4        ERR129039
174          3        8        ERR065329
175          3        9        ERR124269
176          3        8        ERR129200
177          3        4        ERR067995
178          3        9        ERR068012
179          3        7        ERR124274
180          1        1        ERR067993
181          3        7        ERR069708
182          3        5        ERR129106
183          3        9        ERR069717
184          3        9        ERR067974
185          3        6        ERR129210
186          3        9        ERR129108
187          3        6        ERR129132
188          3        9        ERR069711
189          3        8        ERR068019
190          3        8        ERR129099
191          3        9        ERR129059
192          3        7        ERR065292
193          3        9        ERR067961
194          3        5        ERR069820
195          3        6        ERR129216
196          3        5        ERR129116
197          3        8        ERR124250
198          3        6        ERR069690
199          2        3        ERR065973
200          3        4        ERR065309
201          3        7        ERR124283
202          3        7        ERR065293
203          3        5        ERR069737
204          3        8        ERR124316
205          3        7        ERR065304
206          3        7        ERR129144
207          3        4        ERR124232
208          3        6        ERR068018
209          3        6        ERR124296
210          3        9        ERR067960
211          3        9        ERR068050
212          3        8        ERR068039
213          3        9        ERR068004
214          3        9        ERR129032
215          3        4        ERR124248
216          3        6        ERR068041
217          3        8        ERR129086
218          3        9        ERR065317
219          3        8        ERR069834
220          2        3        ERR069720
221          3        8        ERR129050
222          3        8        ERR129064
223          3        5        ERR069830
224          3        9        ERR069774
225          3        9        ERR129206
226          3        6        ERR069801
227          3        7        ERR124221
228          3        6        ERR129080
229          3        7        ERR068026
230          3        5        ERR129147
231          3        9        ERR069829
232          3        7        ERR129077
233          3        4        ERR067994
234          3        8        ERR069726
235          3        4        ERR065338
236          3        7        ERR129041
237          3        7        ERR065297
238          3        9        ERR129120
239          3        7        ERR129061
240          3        8        ERR124219
241          3        5        ERR065345
242          3        4        ERR124305
243          3        8        ERR069769
244          3        9        ERR065295
245          3        6        ERR069768
246          3        9        ERR129197
247          3        7        ERR065967
248          3        5        ERR124223
249          3        9        ERR069734
250          3        9        ERR129167
251          3        8        ERR129143
252          3        8        ERR124299
253          3        9        ERR129092
254          3        6        ERR129090
255          3        8        ERR068002
256          2        3        ERR068003
257          3        6        ERR124268
258          3        7        ERR129181
259          3        9        ERR069696
260          3        9        ERR129072
261          3        7        ERR065344
262          3        4        ERR129111
263          3        5        ERR068006
264          2        3        ERR068035
265          3        4        ERR069798
266          1        2        ERR124278
267          3        6        ERR069760
268          3        9        ERR067984
269          3        9        ERR069782
270          3        8        ERR124236
271          3        9        ERR068045
272          3        7        ERR065959
273          3        4        ERR129045
274          3        9        ERR069781
275          3        5        ERR069832
276          3        7        ERR065320
277          3        9        ERR124292
278          3        9        ERR129186
279          3        7        ERR124308
280          3        9        ERR129043
281          3        9        ERR069805
282          3        9        ERR124220
283          3        8        ERR069800
284          3        6        ERR068021
285          3        9        ERR067998
286          3        9        ERR124312
287          3        4        ERR065971
288          3        9        ERR129183
289          3        9        ERR068034
290          3        5        ERR065311
291          3        6        ERR068020
292          3        4        ERR069767
293          3        5        ERR067967
294          3        9        ERR069691
295          3        7        ERR129161
296          3        5        ERR069716
297          3        7        ERR124289
298          3        9        ERR129153
299          3        5        ERR129057
300          3        6        ERR067977
301          3        6        ERR129131
302          3        9        ERR069772
303          3        9        ERR124281
304          3        5        ERR069750
305          3        6        ERR069715
306          3        9        ERR124227
307          3        9        ERR069683
308          3        9        ERR069813
309          3        4        ERR124253
310          3        7        ERR069724
311          3        8        ERR065966
312          1        1        ERR069803
313          3        9        ERR124267
314          3        4        ERR124254
315          3        4        ERR129168
316          3        7        ERR124320
317          3        4        ERR065298
318          3        6        ERR069804
319          3        7        ERR065303
320          3        9        ERR065957
321          3        7        ERR068042
322          3        8        ERR069692
323          3        7        ERR124249
324          3        7        ERR069759
325          3        8        ERR069723
326          3        5        ERR067976
327          3        5        ERR065307
328          3        7        ERR065962
329          3        9        ERR069745
330          3        9        ERR129081
331          3        7        ERR129198
332          3        8        ERR069742
333          3        9        ERR069718
334          3        9        ERR124224
335          3        8        ERR069790
336          3        9        ERR069827
337          3        9        ERR129142
338          3        7        ERR124309
339          3        9        ERR069806
340          3        6        ERR129068
341          3        7        ERR067978
342          3        7        ERR069741
343          3        6        ERR129136
344          2        3        ERR129062
345          3        4        ERR129203
346          3        7        ERR068032
347          3        4        ERR065316
348          3        4        ERR124217
349          3        7        ERR067991
350          3        9        ERR124284
351          3        6        ERR129079
352          3        9        ERR069722
353          3        4        ERR124260
354          3        5        ERR069701
355          3        9        ERR129162
356          3        8        ERR129124
357          3        6        ERR124246
358          3        8        ERR065299
359          3        7        ERR129184
360          2        3        ERR124233
361          3        4        ERR124266
362          3        7        ERR069818
363          3        8        ERR068029
364          3        7        ERR124239
365          3        8        ERR124279
366          3        9        ERR129175
367          3        9        ERR065294
368          3        6        ERR129139
369          3        4        ERR069778
370          3        5        ERR068015
371          3        8        ERR129163
372          3        7        ERR068028
373          3        8        ERR065355
374          3        7        ERR068023
375          3        5        ERR069777
376          2        3        ERR069791
377          3        9        ERR124263
378          3        9        ERR069704
379          3        8        ERR129134
380          3        9        ERR129025
381          3        8        ERR065351
382          3        5        ERR069807
383          3        9        ERR129209
384          3        9        ERR069761
385          3        9        ERR129034
386          3        4        ERR129172
387          3        6        ERR124240
388          3        8        ERR065315
389          3        5        ERR065346
390          3        7        ERR069731
391          3        9        ERR069828
392          3        7        ERR069755
393          3        4        ERR129156
394          3        8        ERR067988
395          3        9        ERR069714
396          2        3        ERR068036
397          3        8        ERR129071
398          3        8        ERR129035
399          3        8        ERR069697
400          3        5        ERR065306
401          3        9        ERR069838
402          3        5        ERR065313
403          3        7        ERR129038
404          3        9        ERR124294
405          3        9        ERR124243
406          3        9        ERR067975
407          3        9        ERR129046
408          3        7        ERR129053
409          3        7        ERR124272
410          1        2        ERR065289
411          1        2        ERR124285
412          3        9        ERR129126
413          3        9        ERR129151
414          3        9        ERR124225
415          3        8        ERR065321
416          3        9        ERR068011
417          3        4        ERR124264
418          3        6        ERR069707
419          3        7        ERR124252
420          3        5        ERR129082
421          3        5        ERR069743
422          3        5        ERR067980
423          3        4        ERR069836
424          3        6        ERR068047
425          3        9        ERR065288
426          3        8        ERR124258
427          3        8        ERR065314
428          3        8        ERR124301
429          3        9        ERR129091
430          3        7        ERR067982
431          3        9        ERR124276
432          3        9        ERR129118
433          3        7        ERR065318
434          3        7        ERR068010
435          3        9        ERR129067
436          3        9        ERR065349
437          3        7        ERR068030
438          3        8        ERR069728
439          3        4        ERR067997
440          3        9        ERR065291
441          3        9        ERR069730
442          3        7        ERR124300
443          3        6        ERR129202
444          3        8        ERR124290
445          3        6        ERR129178
446          1        1        ERR069841
447          3        5        ERR065955
448          3        6        ERR124265
449          3        9        ERR129121
450          3        6        ERR067968
451          3        8        ERR069739
452          3        4        ERR069766
453          3        7        ERR069765
454          3        9        ERR129123
455          3        4        ERR067965
456          3        4        ERR065969
457          2        3        ERR069842
458          3        6        ERR129185
459          3        8        ERR069810
460          3        9        ERR129174
461          3        4        ERR124318
462          3        6        ERR129177
463          3        8        ERR065352
464          3        6        ERR129113
465          3        6        ERR069839
466          3        7        ERR129182
467          3        9        ERR069788
468          3        5        ERR067983
469          3        9        ERR069784
470          3        7        ERR065347
471          3        5        ERR065290
472          3        5        ERR065322
473          3        4        ERR069693
474          3        4        ERR129169
475          3        6        ERR068013
476          3        6        ERR124242
477          3        6        ERR129138
478          3        9        ERR065337
479          3        6        ERR129137
480          3        7        ERR124231
481          2        3        ERR129036
482          3        6        ERR124304
483          1        2        ERR065296
484          3        6        ERR065308
485          3        9        ERR065958
486          3        6        ERR124282
487          3        5        ERR067989
488          3        8        ERR129078
489          3        7        ERR129054
490          3        7        ERR069732
491          3        7        ERR129208
492          3        9        ERR124251
493          3        6        ERR129110
494          3        9        ERR065975
495          3        5        ERR129135
496          2        3        ERR069699
497          3        6        ERR069702
498          2        3        ERR069793
499          3        8        ERR129119
500          3        9        ERR124234
501          3        8        ERR124273
502          3        9        ERR068038
503          3        9        ERR068043
504          3        6        ERR065964
505          3        9        ERR129125
506          3        9        ERR069705
507          3        9        ERR065328
508          2        3        ERR129031
509          2        3        ERR129049
510          3        5        ERR129205
511          3        7        ERR069799
512          2        3        ERR067990
513          3        5        ERR069694
514          3        6        ERR129058
515          3        8        ERR068009
516          3        7        ERR065330
517          3        7        ERR129060
518          3        8        ERR129173
519          3        9        ERR124313
520          3        9        ERR069758
521          3        7        ERR069719
522          3        4        ERR124317
523          3        8        ERR129188
524          3        9        ERR124280
525          3        6        ERR069837
526          3        8        ERR129056
527          3        7        ERR124245
528          3        4        ERR069779
529          3        9        ERR129033
530          3        8        ERR069775
531          3        6        ERR068000
532          3        7        ERR069770
533          3        9        ERR069684
534          3        8        ERR124306
535          3        5        ERR129084
536          3        9        ERR129073
537          3        9        ERR069815
538          3        8        ERR069840
539          3        5        ERR129192
540          3        7        ERR069721
541          3        8        ERR069736
542          3        5        ERR129098
543          3        8        ERR069733
544          3        9        ERR129190
545          3        7        ERR069797
546          3        4        ERR069757
547          3        5        ERR065339
548          3        9        ERR069816
549          3        5        ERR124238
550          3        9        ERR069753
551          3        9        ERR129199
552          3        7        ERR068049
553          3        9        ERR069776
554          3        8        ERR129104
555          3        4        ERR069783
556          3        6        ERR129103
557          3        8        ERR069695
558          3        8        ERR067963
559          3        8        ERR129115
560          3        9        ERR068022
561          3        7        ERR124230
562          2        3        ERR069762
563          3        8        ERR067970
564          3        9        ERR069794
565          3        9        ERR124295
566          3        5        ERR067973
567          3        7        ERR069821
568          3        8        ERR067992
569          3        9        ERR065340
570          3        7        ERR069740
571          3        4        ERR129145
572          3        8        ERR124275
573          3        8        ERR065331
574          3        6        ERR067972
575          3        9        ERR124297
576          3        9        ERR068024
577          2        3        ERR067999
578          3        9        ERR065323
579          3        6        ERR124237
580          3        4        ERR067987
581          3        5        ERR129141
582          3        9        ERR065319
583          3        9        ERR065956
584          2        3        ERR129193
585          3        6        ERR129093
586          3        8        ERR069808
587          3        8        ERR129089
588          3        9        ERR129047
589          3        5        ERR129133
590          3        8        ERR065312
591          3        7        ERR065348
592          3        7        ERR067979
593          3        9        ERR129095
594          3        9        ERR124286
595          3        6        ERR129211
596          3        7        ERR129201
597          3        8        ERR068033
598          3        9        ERR124270
599          3        6        ERR124298
600          3        9        ERR129194
601          3        8        ERR129171
602          3        5        ERR129122
603          3        7        ERR129100
604          3        6        ERR129030
