StrainIndex  Lineage  Cluster  Name
1            2        8        ERR069738
2            2        7        ERR129065
3            2        5        ERR129037
4            2        7        ERR069700
5            2        3        ERR124247
6            2        8        ERR124222
7            2        8        ERR065305
8            1        2        ERR069786
9            2        4        ERR129179
10           2        7        ERR129176
11           2        6        ERR069709
12           2        5        ERR067985
13           2        8        ERR129212
14           2        8        ERR068037
15           2        5        ERR069814
16           2        4        ERR124241
17           2        8        ERR069795
18           2        4        ERR124293
19           2        8        ERR069735
20           2        3        ERR069773
21           2        7        ERR067966
22           2        3        ERR129029
23           2        3        ERR129105
24           1        1        ERR124226
25           2        3        ERR129196
26           2        8        ERR069823
27           2        7        ERR124319
28           2        6        ERR068001
29           2        7        ERR129117
30           1        2        ERR069764
31           2        5        ERR068007
32           2        8        ERR068008
33           2        7        ERR067969
34           2        4        ERR069703
35           2        3        ERR129195
36           2        4        ERR065325
37           1        2        ERR124256
38           2        4        ERR129087
39           2        8        ERR069819
40           2        8        ERR129129
41           2        4        ERR065960
42           2        8        ERR069796
43           2        5        ERR065326
44           2        8        ERR069712
45           2        3        ERR124244
46           2        8        ERR129075
47           2        5        ERR069713
48           2        7        ERR069826
49           2        8        ERR069771
50           2        8        ERR069706
51           2        8        ERR065970
52           2        8        ERR129096
53           2        7        ERR129107
54           1        2        ERR069809
55           2        3        ERR065302
56           2        8        ERR129187
57           2        7        ERR124314
58           2        8        ERR069686
59           1        1        ERR069824
60           1        2        ERR068048
61           2        8        ERR065972
62           2        8        ERR129164
63           2        8        ERR069688
64           2        8        ERR069685
65           2        8        ERR124307
66           2        4        ERR067962
67           2        8        ERR124257
68           2        5        ERR129127
69           2        3        ERR065301
70           2        7        ERR124287
71           2        6        ERR068025
72           2        8        ERR067964
73           2        6        ERR069811
74           2        5        ERR069727
75           2        8        ERR129063
76           2        8        ERR065332
77           2        8        ERR129028
78           2        8        ERR065287
79           2        7        ERR129213
80           2        7        ERR129155
81           2        7        ERR129042
82           2        4        ERR129148
83           2        3        ERR129040
84           2        8        ERR069835
85           2        7        ERR129146
86           2        8        ERR129102
87           1        1        ERR069729
88           2        6        ERR129152
89           2        8        ERR069748
90           2        8        ERR069843
91           2        8        ERR124229
92           2        8        ERR129088
93           2        5        ERR069752
94           1        2        ERR065350
95           2        8        ERR129149
96           2        5        ERR129214
97           2        8        ERR069833
98           2        6        ERR124310
99           2        5        ERR068046
100          2        5        ERR129215
101          2        8        ERR129140
102          2        8        ERR069831
103          2        3        ERR068014
104          2        8        ERR124315
105          2        8        ERR124255
106          2        3        ERR065342
107          2        7        ERR124235
108          2        5        ERR129159
109          2        8        ERR129204
110          2        3        ERR129094
111          2        8        ERR069689
112          2        8        ERR069751
113          2        6        ERR068005
114          2        4        ERR069749
115          2        8        ERR067981
116          2        8        ERR067996
117          2        3        ERR129052
118          2        8        ERR069785
119          2        7        ERR069792
120          2        8        ERR124271
121          2        8        ERR069687
122          2        4        ERR124277
123          1        2        ERR124228
124          1        2        ERR129044
125          2        6        ERR065353
126          2        4        ERR129074
127          2        8        ERR069817
128          2        6        ERR065953
129          2        6        ERR129076
130          2        5        ERR129154
131          2        8        ERR069725
132          2        5        ERR068040
133          2        8        ERR129051
134          2        7        ERR129157
135          2        8        ERR124311
136          2        8        ERR069746
137          2        7        ERR068031
138          2        5        ERR067986
139          2        5        ERR124291
140          2        7        ERR129055
141          2        7        ERR069780
142          2        6        ERR065327
143          2        5        ERR069822
144          2        8        ERR129207
145          2        7        ERR124288
146          2        8        ERR129026
147          1        2        ERR124218
148          2        7        ERR068027
149          2        6        ERR069710
150          2        5        ERR065310
151          2        8        ERR129160
152          2        4        ERR065300
153          2        5        ERR069789
154          2        8        ERR065343
155          2        7        ERR069802
156          2        6        ERR129027
157          2        8        ERR129170
158          2        6        ERR129048
159          2        8        ERR065968
160          2        8        ERR068044
161          2        8        ERR129180
162          1        1        ERR068016
163          2        4        ERR065324
164          2        8        ERR129112
165          2        8        ERR129158
166          2        8        ERR069698
167          2        8        ERR069812
168          2        5        ERR124302
169          2        8        ERR129083
170          2        7        ERR065354
171          2        7        ERR069787
172          2        8        ERR068017
173          1        1        ERR129066
174          2        6        ERR129039
175          2        4        ERR065329
176          2        8        ERR124269
177          2        4        ERR129200
178          2        8        ERR067995
179          2        8        ERR068012
180          2        8        ERR124274
181          2        7        ERR069708
182          2        7        ERR129106
183          2        8        ERR069717
184          2        8        ERR067974
185          2        7        ERR069744
186          2        5        ERR129210
187          2        8        ERR129108
188          2        8        ERR129132
189          2        8        ERR069711
190          2        4        ERR068019
191          2        4        ERR129099
192          2        8        ERR129059
193          2        8        ERR065292
194          1        2        ERR067961
195          1        2        ERR069820
196          2        8        ERR129216
197          2        7        ERR129116
198          1        2        ERR124250
199          2        8        ERR069690
200          2        8        ERR065973
201          2        6        ERR065309
202          2        8        ERR124283
203          2        8        ERR065293
204          2        7        ERR069825
205          2        4        ERR069737
206          2        4        ERR124316
207          1        1        ERR065304
208          2        3        ERR129144
209          2        6        ERR124232
210          2        8        ERR068018
211          2        5        ERR124296
212          2        8        ERR067960
213          2        8        ERR068050
214          2        3        ERR068039
215          2        6        ERR068004
216          2        8        ERR129032
217          2        8        ERR124248
218          2        5        ERR068041
219          2        4        ERR129086
220          2        8        ERR065317
221          2        4        ERR069834
222          2        8        ERR069720
223          2        4        ERR129050
224          1        1        ERR129064
225          2        7        ERR069830
226          2        8        ERR069774
227          2        3        ERR129206
228          2        5        ERR069801
229          2        8        ERR124221
230          2        5        ERR129080
231          2        8        ERR068026
232          2        7        ERR129147
233          2        8        ERR069829
234          2        3        ERR129077
235          2        6        ERR067994
236          2        4        ERR069726
237          2        8        ERR065338
238          2        8        ERR129041
239          2        8        ERR065297
240          2        8        ERR129120
241          2        8        ERR129061
242          2        3        ERR124219
243          2        7        ERR065345
244          2        6        ERR124305
245          1        1        ERR069769
246          2        6        ERR065295
247          2        8        ERR069768
248          2        8        ERR129197
249          2        8        ERR065967
250          2        6        ERR124223
251          2        6        ERR069734
252          2        7        ERR129167
253          2        4        ERR129143
254          2        4        ERR124299
255          2        6        ERR129092
256          2        8        ERR129090
257          2        4        ERR068002
258          2        8        ERR068003
259          2        5        ERR124268
260          1        2        ERR129181
261          2        8        ERR069696
262          2        8        ERR129072
263          2        8        ERR065344
264          2        6        ERR129111
265          2        8        ERR068006
266          2        8        ERR068035
267          2        8        ERR069798
268          2        5        ERR069760
269          2        8        ERR067984
270          2        8        ERR069782
271          2        4        ERR124236
272          2        8        ERR068045
273          1        1        ERR065959
274          2        4        ERR129045
275          2        8        ERR069781
276          2        8        ERR069832
277          2        8        ERR065320
278          1        2        ERR124292
279          2        8        ERR129186
280          2        7        ERR124308
281          2        7        ERR129043
282          2        8        ERR069805
283          2        8        ERR124220
284          2        3        ERR069800
285          2        5        ERR068021
286          2        3        ERR067998
287          1        2        ERR124312
288          2        8        ERR065971
289          2        8        ERR129183
290          2        8        ERR068034
291          2        7        ERR065311
292          2        8        ERR068020
293          2        8        ERR069767
294          2        7        ERR067967
295          2        8        ERR069691
296          2        7        ERR129161
297          2        8        ERR069716
298          2        8        ERR124289
299          2        8        ERR129153
300          1        2        ERR129057
301          2        8        ERR067977
302          2        5        ERR129131
303          1        1        ERR069772
304          2        8        ERR124281
305          2        8        ERR069750
306          2        8        ERR069715
307          2        7        ERR124227
308          2        8        ERR069683
309          2        8        ERR069813
310          2        6        ERR124253
311          2        8        ERR069724
312          2        3        ERR065966
313          2        8        ERR124267
314          2        6        ERR124254
315          2        8        ERR129168
316          2        3        ERR124320
317          2        6        ERR065298
318          2        5        ERR069804
319          2        7        ERR065303
320          2        8        ERR065957
321          2        8        ERR068042
322          2        7        ERR069692
323          2        8        ERR124249
324          2        6        ERR069759
325          2        7        ERR069723
326          2        7        ERR067976
327          2        6        ERR065307
328          2        8        ERR065962
329          2        8        ERR069745
330          2        8        ERR129081
331          2        8        ERR129198
332          1        2        ERR069742
333          1        2        ERR069718
334          1        2        ERR124224
335          2        3        ERR069790
336          2        6        ERR069827
337          2        8        ERR129142
338          2        8        ERR124309
339          1        1        ERR069806
340          2        5        ERR129068
341          2        8        ERR067978
342          2        6        ERR069741
343          2        8        ERR129136
344          1        2        ERR129062
345          2        6        ERR129203
346          2        8        ERR068032
347          2        6        ERR065316
348          2        6        ERR124217
349          2        6        ERR067991
350          2        8        ERR124284
351          2        5        ERR129079
352          1        2        ERR069722
353          2        8        ERR124260
354          2        8        ERR069701
355          2        8        ERR129162
356          2        3        ERR129124
357          2        5        ERR124246
358          2        4        ERR065299
359          2        8        ERR129184
360          2        8        ERR124233
361          2        6        ERR124266
362          2        3        ERR069818
363          2        4        ERR068029
364          2        8        ERR124239
365          2        4        ERR124279
366          2        8        ERR129175
367          1        2        ERR065294
368          2        5        ERR129139
369          2        8        ERR069778
370          2        7        ERR068015
371          2        7        ERR129128
372          2        4        ERR129163
373          2        8        ERR068028
374          2        3        ERR065355
375          2        7        ERR068023
376          2        7        ERR069777
377          2        8        ERR069791
378          2        8        ERR124263
379          1        2        ERR069704
380          2        4        ERR129134
381          2        8        ERR129025
382          2        4        ERR065351
383          2        7        ERR069807
384          2        8        ERR129209
385          2        8        ERR069761
386          1        2        ERR129034
387          2        8        ERR129172
388          2        5        ERR124240
389          2        3        ERR065315
390          2        7        ERR065346
391          1        2        ERR069731
392          1        2        ERR069828
393          2        8        ERR069755
394          2        8        ERR129156
395          2        4        ERR067988
396          2        3        ERR069714
397          2        8        ERR068036
398          2        8        ERR129071
399          2        4        ERR129035
400          2        7        ERR069697
401          2        7        ERR065306
402          2        6        ERR065313
403          1        1        ERR129038
404          2        7        ERR124294
405          1        2        ERR124243
406          2        3        ERR067975
407          2        8        ERR129046
408          2        3        ERR129053
409          2        8        ERR124272
410          2        8        ERR124285
411          1        2        ERR129126
412          1        2        ERR129151
413          2        8        ERR124225
414          2        3        ERR065321
415          2        8        ERR068011
416          2        6        ERR124264
417          2        5        ERR069707
418          1        2        ERR124252
419          2        7        ERR129082
420          2        7        ERR069743
421          2        7        ERR067980
422          2        8        ERR069836
423          2        5        ERR068047
424          2        8        ERR065288
425          2        8        ERR124258
426          2        8        ERR065314
427          2        4        ERR124301
428          2        8        ERR129091
429          1        2        ERR124276
430          2        8        ERR129118
431          2        8        ERR065318
432          2        3        ERR068010
433          1        2        ERR129067
434          1        2        ERR065349
435          2        8        ERR068030
436          2        4        ERR069728
437          2        6        ERR067997
438          2        8        ERR065291
439          1        1        ERR069730
440          2        7        ERR069763
441          2        8        ERR124300
442          2        8        ERR129202
443          2        4        ERR124290
444          2        5        ERR129178
445          2        7        ERR065955
446          2        8        ERR124265
447          2        8        ERR129121
448          2        5        ERR067968
449          2        3        ERR069739
450          2        6        ERR069766
451          2        8        ERR069765
452          2        8        ERR129123
453          2        8        ERR067965
454          2        8        ERR065969
455          2        8        ERR069842
456          2        8        ERR129185
457          2        7        ERR069810
458          2        8        ERR129174
459          2        8        ERR124318
460          2        5        ERR129177
461          1        2        ERR065352
462          2        8        ERR129113
463          2        5        ERR069839
464          2        3        ERR129182
465          2        6        ERR069788
466          2        8        ERR067983
467          2        6        ERR069784
468          1        2        ERR065347
469          2        8        ERR065290
470          2        7        ERR065322
471          2        8        ERR069693
472          2        6        ERR129169
473          2        8        ERR068013
474          2        5        ERR124242
475          2        8        ERR129138
476          2        8        ERR065337
477          2        5        ERR129137
478          2        8        ERR124231
479          2        8        ERR129036
480          2        8        ERR124304
481          2        5        ERR065308
482          2        8        ERR065958
483          2        8        ERR124282
484          2        8        ERR067989
485          2        8        ERR129078
486          2        8        ERR129054
487          2        7        ERR069747
488          2        8        ERR069732
489          2        7        ERR129208
490          2        8        ERR124251
491          1        2        ERR129110
492          2        8        ERR065975
493          2        8        ERR129135
494          2        8        ERR069699
495          2        8        ERR069702
496          2        8        ERR069793
497          2        4        ERR129119
498          2        8        ERR124234
499          2        4        ERR124273
500          2        8        ERR068038
501          2        6        ERR068043
502          2        5        ERR065964
503          2        8        ERR129125
504          1        2        ERR069705
505          2        8        ERR065328
506          2        8        ERR129031
507          2        8        ERR129049
508          2        7        ERR129205
509          2        3        ERR069799
510          2        8        ERR067990
511          2        7        ERR069694
512          2        8        ERR129058
513          2        3        ERR068009
514          2        7        ERR124303
515          2        8        ERR065330
516          2        8        ERR129060
517          2        8        ERR124313
518          2        8        ERR069758
519          2        8        ERR069719
520          2        6        ERR124317
521          2        3        ERR129188
522          2        8        ERR124280
523          2        5        ERR069837
524          2        7        ERR124245
525          2        8        ERR069779
526          2        8        ERR129033
527          2        3        ERR069775
528          2        5        ERR068000
529          2        8        ERR069770
530          2        8        ERR069684
531          2        8        ERR124306
532          1        2        ERR129084
533          1        2        ERR129073
534          1        2        ERR069815
535          2        3        ERR069840
536          2        7        ERR129192
537          2        8        ERR069721
538          2        3        ERR069736
539          2        6        ERR129098
540          2        4        ERR069733
541          2        8        ERR129190
542          2        8        ERR069797
543          2        6        ERR069757
544          2        7        ERR065339
545          1        1        ERR069816
546          2        7        ERR124238
547          2        8        ERR069753
548          2        8        ERR129199
549          2        8        ERR068049
550          2        8        ERR069776
551          2        4        ERR129104
552          2        8        ERR069783
553          2        8        ERR129103
554          2        3        ERR069695
555          2        4        ERR067963
556          2        6        ERR129115
557          1        2        ERR068022
558          2        6        ERR124230
559          2        8        ERR069762
560          2        4        ERR067970
561          2        8        ERR069794
562          2        8        ERR124295
563          2        7        ERR067973
564          2        8        ERR069821
565          2        4        ERR067992
566          2        8        ERR065340
567          2        8        ERR069740
568          2        7        ERR065963
569          2        6        ERR129145
570          2        4        ERR124275
571          2        3        ERR065331
572          2        5        ERR067972
573          2        7        ERR124297
574          2        8        ERR068024
575          2        8        ERR067999
576          2        8        ERR065323
577          2        8        ERR124237
578          2        8        ERR067987
579          2        7        ERR129141
580          2        8        ERR065319
581          1        1        ERR065956
582          2        8        ERR129193
583          2        5        ERR129093
584          1        2        ERR069808
585          2        4        ERR129089
586          2        3        ERR129047
587          2        7        ERR129133
588          1        2        ERR065312
589          2        7        ERR065348
590          2        6        ERR067979
591          2        3        ERR129095
592          2        7        ERR124286
593          2        5        ERR129211
594          1        2        ERR129201
595          2        4        ERR068033
596          2        8        ERR124270
597          2        5        ERR124298
598          1        2        ERR129194
599          2        3        ERR129171
600          2        7        ERR129122
601          2        7        ERR129100
602          2        8        ERR129030
