StrainIndex  Lineage  Cluster  Name
1            1        6        ERR065974
2            3        7        ERR129065
3            4        10       ERR129037
4            4        10       ERR069700
5            3        7        ERR124247
6            3        4        ERR124222
7            4        10       ERR065305
8            4        10       ERR069786
9            4        8        ERR129179
10           4        10       ERR129176
11           4        9        ERR069709
12           4        10       ERR067985
13           4        9        ERR129212
14           4        10       ERR068037
15           4        10       ERR069814
16           4        8        ERR124241
17           4        10       ERR069795
18           4        8        ERR124293
19           4        10       ERR069735
20           4        9        ERR069773
21           4        10       ERR067966
22           3        7        ERR129029
23           4        10       ERR129105
24           3        7        ERR124226
25           4        10       ERR129196
26           4        9        ERR069823
27           4        10       ERR124319
28           4        9        ERR068001
29           4        10       ERR129117
30           2        3        ERR069764
31           4        10       ERR068007
32           4        10       ERR067969
33           4        8        ERR069703
34           4        10       ERR129195
35           4        9        ERR065325
36           4        10       ERR124256
37           4        8        ERR129087
38           4        10       ERR069819
39           3        7        ERR129129
40           4        9        ERR065960
41           4        10       ERR069796
42           4        10       ERR065326
43           4        9        ERR069712
44           2        3        ERR124244
45           3        4        ERR129075
46           4        10       ERR069713
47           3        7        ERR069826
48           1        6        ERR065341
49           4        10       ERR069771
50           3        4        ERR069706
51           4        10       ERR065970
52           1        6        ERR129130
53           4        10       ERR129107
54           4        10       ERR069809
55           4        9        ERR065302
56           4        9        ERR129187
57           4        10       ERR124314
58           1        6        ERR069824
59           4        10       ERR068048
60           4        10       ERR065972
61           4        10       ERR129164
62           1        1        ERR069688
63           4        10       ERR069685
64           4        8        ERR067962
65           4        10       ERR124257
66           4        10       ERR129127
67           4        10       ERR065301
68           1        6        ERR124287
69           4        9        ERR067964
70           4        10       ERR069811
71           4        10       ERR069727
72           4        10       ERR129063
73           2        5        ERR065332
74           4        10       ERR129028
75           3        7        ERR065287
76           4        10       ERR129213
77           4        10       ERR129155
78           4        10       ERR129042
79           4        8        ERR129148
80           4        9        ERR129040
81           4        9        ERR069835
82           1        6        ERR129146
83           4        10       ERR129102
84           1        6        ERR069729
85           4        10       ERR129152
86           4        9        ERR069748
87           3        4        ERR069843
88           4        10       ERR124229
89           4        10       ERR129088
90           4        10       ERR069752
91           4        10       ERR065350
92           4        10       ERR129149
93           4        10       ERR129214
94           3        7        ERR069833
95           4        10       ERR124310
96           4        10       ERR068046
97           4        10       ERR129215
98           4        10       ERR129140
99           4        10       ERR069831
100          4        9        ERR068014
101          4        10       ERR124315
102          3        4        ERR124255
103          4        10       ERR065342
104          4        10       ERR124235
105          4        10       ERR129159
106          4        9        ERR129094
107          4        9        ERR069689
108          4        10       ERR069751
109          2        3        ERR068005
110          4        8        ERR069749
111          4        10       ERR067981
112          1        1        ERR067996
113          3        7        ERR129052
114          4        10       ERR069785
115          4        10       ERR069792
116          4        9        ERR124271
117          4        10       ERR069687
118          4        8        ERR124277
119          4        10       ERR124228
120          4        10       ERR129044
121          4        9        ERR065353
122          4        8        ERR129074
123          4        10       ERR069817
124          4        9        ERR065953
125          4        9        ERR129076
126          4        10       ERR129154
127          2        5        ERR069725
128          4        10       ERR068040
129          4        9        ERR129051
130          4        10       ERR129157
131          3        7        ERR124311
132          4        9        ERR069746
133          4        10       ERR068031
134          4        10       ERR067986
135          4        10       ERR124291
136          1        6        ERR129055
137          3        7        ERR069780
138          4        10       ERR065327
139          4        10       ERR069822
140          4        10       ERR129207
141          4        10       ERR124288
142          2        5        ERR129026
143          4        10       ERR124218
144          4        10       ERR068027
145          4        9        ERR069710
146          4        10       ERR065310
147          4        10       ERR129160
148          4        8        ERR065300
149          4        10       ERR069789
150          4        10       ERR065343
151          4        10       ERR069802
152          4        8        ERR129027
153          4        10       ERR129170
154          4        10       ERR129048
155          4        9        ERR065968
156          1        6        ERR065965
157          3        7        ERR068044
158          4        9        ERR129180
159          4        10       ERR068016
160          4        8        ERR065324
161          4        10       ERR129112
162          4        10       ERR129158
163          2        5        ERR069698
164          4        9        ERR069812
165          4        10       ERR124302
166          4        10       ERR129083
167          4        10       ERR065354
168          4        10       ERR069787
169          4        10       ERR068017
170          4        10       ERR129066
171          4        10       ERR129039
172          4        8        ERR065329
173          4        10       ERR124269
174          4        8        ERR129200
175          4        10       ERR068012
176          2        5        ERR124274
177          2        3        ERR067993
178          4        10       ERR069708
179          4        10       ERR129106
180          4        10       ERR069717
181          4        10       ERR067974
182          4        10       ERR069744
183          4        10       ERR129210
184          4        10       ERR129108
185          4        9        ERR129132
186          4        10       ERR069711
187          4        8        ERR068019
188          4        8        ERR129099
189          4        10       ERR129059
190          4        9        ERR065292
191          4        10       ERR067961
192          4        10       ERR069820
193          4        10       ERR129216
194          4        10       ERR129116
195          4        8        ERR124250
196          4        9        ERR069690
197          3        4        ERR065973
198          4        10       ERR065309
199          2        5        ERR124283
200          2        5        ERR065293
201          4        10       ERR069825
202          4        10       ERR069737
203          4        8        ERR124316
204          4        10       ERR065304
205          4        10       ERR129144
206          4        10       ERR124232
207          4        9        ERR068018
208          4        10       ERR124296
209          4        10       ERR067960
210          4        10       ERR068050
211          4        9        ERR068039
212          4        9        ERR068004
213          4        10       ERR129032
214          4        10       ERR068041
215          4        8        ERR129086
216          4        10       ERR065317
217          4        8        ERR069834
218          3        4        ERR069720
219          4        9        ERR129050
220          4        10       ERR129064
221          3        7        ERR069830
222          3        7        ERR069774
223          4        9        ERR129206
224          4        10       ERR069801
225          2        5        ERR124221
226          4        10       ERR129080
227          2        5        ERR068026
228          4        10       ERR129147
229          3        7        ERR069829
230          4        10       ERR129077
231          4        10       ERR067994
232          4        8        ERR069726
233          4        9        ERR129041
234          2        5        ERR065297
235          4        10       ERR129120
236          2        5        ERR129061
237          3        7        ERR124219
238          4        10       ERR065345
239          4        10       ERR124305
240          3        7        ERR069769
241          4        10       ERR065295
242          4        9        ERR069768
243          4        10       ERR129197
244          4        9        ERR065967
245          4        8        ERR124223
246          4        9        ERR069734
247          4        10       ERR129167
248          4        8        ERR129143
249          4        8        ERR124299
250          4        9        ERR129092
251          4        9        ERR129090
252          4        8        ERR068002
253          3        4        ERR068003
254          4        10       ERR124268
255          4        9        ERR129181
256          4        10       ERR069696
257          4        10       ERR129072
258          4        9        ERR065344
259          4        10       ERR129111
260          4        9        ERR068006
261          3        4        ERR068035
262          4        10       ERR069798
263          1        6        ERR124278
264          4        10       ERR069760
265          4        10       ERR067984
266          1        6        ERR069782
267          4        8        ERR124236
268          3        7        ERR068045
269          4        10       ERR065959
270          4        9        ERR129045
271          4        10       ERR069781
272          4        9        ERR069832
273          2        5        ERR065320
274          4        10       ERR124292
275          3        7        ERR129186
276          4        10       ERR124308
277          4        10       ERR129043
278          4        10       ERR069805
279          3        7        ERR124220
280          3        7        ERR069800
281          4        10       ERR068021
282          4        10       ERR067998
283          4        10       ERR124312
284          4        10       ERR065971
285          4        10       ERR129183
286          4        10       ERR068034
287          4        10       ERR065311
288          4        9        ERR068020
289          4        10       ERR067967
290          4        10       ERR069691
291          4        10       ERR129161
292          4        9        ERR069716
293          4        9        ERR124289
294          4        10       ERR129153
295          3        7        ERR129057
296          4        9        ERR067977
297          4        10       ERR129131
298          1        6        ERR069772
299          4        10       ERR124281
300          4        9        ERR069750
301          4        9        ERR069715
302          4        10       ERR124227
303          4        10       ERR069683
304          4        10       ERR069813
305          4        10       ERR124253
306          2        5        ERR069724
307          3        7        ERR065966
308          4        10       ERR069803
309          3        7        ERR124267
310          4        10       ERR129168
311          4        10       ERR124320
312          4        10       ERR065298
313          4        10       ERR069804
314          4        10       ERR065303
315          4        9        ERR065957
316          2        5        ERR068042
317          4        10       ERR069692
318          2        5        ERR124249
319          2        3        ERR069759
320          4        10       ERR069723
321          1        6        ERR067976
322          4        9        ERR065307
323          4        9        ERR065962
324          4        9        ERR129081
325          2        5        ERR129198
326          1        6        ERR069742
327          4        10       ERR069718
328          4        10       ERR124224
329          3        7        ERR069790
330          4        9        ERR069827
331          4        10       ERR129142
332          4        9        ERR124309
333          1        6        ERR069806
334          4        10       ERR129068
335          2        5        ERR067978
336          2        3        ERR069741
337          4        10       ERR129136
338          3        4        ERR129062
339          4        10       ERR129203
340          2        5        ERR068032
341          4        10       ERR065316
342          4        10       ERR124217
343          4        10       ERR067991
344          4        10       ERR124284
345          4        10       ERR129079
346          2        2        ERR069722
347          4        9        ERR069701
348          4        9        ERR129162
349          4        9        ERR129124
350          4        10       ERR124246
351          4        9        ERR065299
352          4        9        ERR129184
353          3        4        ERR124233
354          4        10       ERR124266
355          4        10       ERR069818
356          4        8        ERR068029
357          2        5        ERR124239
358          4        8        ERR124279
359          4        10       ERR129175
360          1        6        ERR065294
361          4        10       ERR129139
362          4        10       ERR068015
363          4        10       ERR129128
364          4        8        ERR129163
365          2        5        ERR068028
366          3        7        ERR065355
367          4        10       ERR068023
368          4        10       ERR069777
369          3        4        ERR069791
370          4        10       ERR124263
371          3        7        ERR069704
372          4        8        ERR129134
373          4        10       ERR129025
374          4        8        ERR065351
375          3        7        ERR069807
376          4        10       ERR129209
377          4        10       ERR069761
378          3        7        ERR129034
379          4        10       ERR129172
380          4        10       ERR124240
381          3        7        ERR065315
382          4        10       ERR065346
383          4        10       ERR069731
384          3        7        ERR069828
385          4        9        ERR069755
386          4        8        ERR067988
387          4        10       ERR069714
388          3        4        ERR068036
389          4        10       ERR129071
390          4        8        ERR129035
391          4        10       ERR069697
392          3        7        ERR065306
393          4        10       ERR069838
394          4        9        ERR065313
395          4        10       ERR129038
396          4        10       ERR124294
397          4        10       ERR124243
398          3        4        ERR067975
399          4        10       ERR129046
400          4        10       ERR129053
401          2        5        ERR124272
402          1        6        ERR065289
403          4        9        ERR124285
404          4        10       ERR129126
405          1        6        ERR129151
406          4        10       ERR124225
407          4        9        ERR065321
408          4        10       ERR068011
409          4        10       ERR069707
410          4        10       ERR124252
411          1        6        ERR129082
412          3        7        ERR069743
413          4        9        ERR067980
414          4        10       ERR068047
415          4        10       ERR065288
416          4        10       ERR124258
417          3        4        ERR065314
418          4        8        ERR124301
419          4        10       ERR129091
420          2        5        ERR067982
421          4        10       ERR124276
422          4        10       ERR129118
423          1        6        ERR065318
424          4        10       ERR068010
425          4        10       ERR129067
426          2        2        ERR065349
427          2        3        ERR068030
428          4        8        ERR069728
429          4        10       ERR067997
430          4        10       ERR065291
431          1        6        ERR069730
432          4        10       ERR069763
433          2        5        ERR124300
434          4        10       ERR129202
435          4        8        ERR124290
436          4        10       ERR129178
437          4        10       ERR069841
438          4        10       ERR065955
439          4        9        ERR124265
440          4        10       ERR129121
441          4        10       ERR067968
442          3        7        ERR069739
443          4        10       ERR069766
444          4        9        ERR069765
445          4        10       ERR129123
446          4        10       ERR065969
447          3        4        ERR069842
448          4        10       ERR129185
449          4        10       ERR069810
450          4        10       ERR129174
451          1        1        ERR124318
452          4        10       ERR129177
453          1        6        ERR065352
454          4        9        ERR129113
455          4        10       ERR069839
456          4        10       ERR129182
457          4        9        ERR069788
458          4        9        ERR067983
459          4        9        ERR069784
460          4        10       ERR065347
461          3        7        ERR065290
462          4        10       ERR065322
463          4        10       ERR069693
464          4        10       ERR129169
465          4        9        ERR068013
466          2        2        ERR124242
467          4        10       ERR129138
468          3        7        ERR065337
469          3        7        ERR129137
470          4        9        ERR124231
471          3        4        ERR129036
472          4        9        ERR124304
473          1        6        ERR065296
474          4        10       ERR065308
475          4        9        ERR065958
476          4        9        ERR124282
477          4        9        ERR067989
478          3        4        ERR129078
479          2        5        ERR129054
480          4        10       ERR069747
481          4        10       ERR069732
482          4        10       ERR129208
483          3        7        ERR124251
484          4        10       ERR129110
485          4        10       ERR065975
486          3        7        ERR129135
487          3        4        ERR069699
488          4        10       ERR069702
489          3        4        ERR069793
490          4        8        ERR129119
491          4        10       ERR124234
492          4        8        ERR124273
493          3        7        ERR068038
494          4        9        ERR068043
495          4        10       ERR065964
496          4        10       ERR129125
497          3        7        ERR069705
498          4        10       ERR065328
499          3        4        ERR129031
500          3        4        ERR129049
501          1        6        ERR129205
502          4        10       ERR069799
503          3        4        ERR067990
504          4        10       ERR069694
505          4        9        ERR129058
506          4        9        ERR068009
507          4        10       ERR124303
508          4        9        ERR065330
509          2        5        ERR129060
510          4        8        ERR129173
511          3        7        ERR124313
512          4        10       ERR069758
513          4        9        ERR069719
514          4        10       ERR124317
515          4        9        ERR129188
516          4        10       ERR124280
517          4        10       ERR069837
518          4        10       ERR124245
519          4        10       ERR069779
520          4        10       ERR129033
521          4        9        ERR069775
522          4        10       ERR068000
523          4        9        ERR069770
524          4        10       ERR069684
525          4        10       ERR124306
526          4        10       ERR129084
527          4        10       ERR129073
528          1        6        ERR069815
529          4        8        ERR069840
530          3        7        ERR129192
531          4        9        ERR069721
532          3        7        ERR069736
533          4        9        ERR129098
534          4        8        ERR069733
535          3        7        ERR129190
536          4        10       ERR069797
537          4        10       ERR069757
538          4        10       ERR065339
539          1        6        ERR069816
540          4        10       ERR124238
541          4        10       ERR069753
542          4        10       ERR129199
543          2        5        ERR068049
544          4        10       ERR069776
545          4        8        ERR129104
546          4        10       ERR129103
547          3        7        ERR069695
548          4        8        ERR067963
549          4        8        ERR129115
550          2        2        ERR068022
551          4        10       ERR124230
552          3        4        ERR069762
553          4        8        ERR067970
554          4        10       ERR069794
555          4        10       ERR124295
556          4        10       ERR067973
557          4        10       ERR069821
558          4        8        ERR067992
559          3        7        ERR065340
560          4        9        ERR069740
561          4        10       ERR065963
562          4        10       ERR129145
563          4        8        ERR124275
564          3        7        ERR065331
565          4        10       ERR067972
566          4        10       ERR124297
567          4        10       ERR068024
568          3        4        ERR067999
569          4        10       ERR065323
570          4        9        ERR124237
571          4        10       ERR129141
572          3        7        ERR065319
573          1        6        ERR065956
574          3        4        ERR129193
575          4        10       ERR129093
576          2        3        ERR069808
577          4        8        ERR129089
578          4        9        ERR129047
579          1        6        ERR129133
580          4        10       ERR065312
581          4        10       ERR065348
582          2        3        ERR067979
583          4        9        ERR129095
584          4        10       ERR124286
585          4        10       ERR129211
586          4        10       ERR129201
587          4        8        ERR068033
588          4        10       ERR124270
589          4        10       ERR124298
590          4        10       ERR129194
591          3        7        ERR129171
592          4        10       ERR129122
593          4        10       ERR129100
594          4        10       ERR129030
