StrainIndex  Lineage  Cluster  Name
1            3        7        ERR069738
2            3        4        ERR065974
3            3        5        ERR129065
4            3        10       ERR129037
5            3        4        ERR069700
6            3        7        ERR124247
7            2        9        ERR124222
8            3        8        ERR065305
9            2        9        ERR069786
10           3        10       ERR129179
11           3        5        ERR129176
12           2        6        ERR069709
13           3        10       ERR067985
14           2        9        ERR129212
15           3        7        ERR068037
16           3        10       ERR069814
17           3        10       ERR124241
18           3        8        ERR069795
19           3        10       ERR124293
20           2        9        ERR069735
21           2        9        ERR069773
22           3        4        ERR067966
23           1        3        ERR129029
24           3        4        ERR129105
25           2        6        ERR124226
26           3        4        ERR129196
27           2        6        ERR069823
28           2        9        ERR124319
29           2        6        ERR068001
30           3        5        ERR129117
31           3        1        ERR069764
32           3        10       ERR068007
33           3        8        ERR068008
34           3        4        ERR067969
35           3        10       ERR069703
36           3        4        ERR129195
37           3        7        ERR065325
38           3        7        ERR124256
39           3        10       ERR129087
40           2        9        ERR069819
41           3        8        ERR129129
42           3        7        ERR065960
43           3        8        ERR069796
44           3        10       ERR065326
45           3        7        ERR069712
46           3        10       ERR124244
47           2        9        ERR129075
48           3        10       ERR069713
49           3        5        ERR069826
50           3        4        ERR065341
51           3        1        ERR069771
52           2        9        ERR069706
53           3        8        ERR065970
54           3        4        ERR129130
55           3        7        ERR129096
56           3        5        ERR129107
57           3        7        ERR069809
58           2        9        ERR065302
59           3        1        ERR129187
60           3        4        ERR124314
61           3        7        ERR069686
62           1        3        ERR069824
63           3        7        ERR068048
64           1        3        ERR129164
65           3        7        ERR069688
66           2        9        ERR069685
67           3        7        ERR124307
68           3        10       ERR067962
69           3        10       ERR124257
70           3        10       ERR129127
71           3        4        ERR065301
72           2        9        ERR124287
73           3        2        ERR068025
74           2        6        ERR067964
75           3        2        ERR069811
76           3        10       ERR069727
77           3        8        ERR129063
78           3        10       ERR065332
79           3        10       ERR129028
80           3        8        ERR065287
81           3        5        ERR129213
82           3        5        ERR129155
83           1        3        ERR129042
84           3        10       ERR129148
85           2        9        ERR129040
86           2        6        ERR069835
87           2        9        ERR129146
88           2        6        ERR129102
89           1        3        ERR069729
90           3        2        ERR129152
91           2        9        ERR069748
92           2        9        ERR069843
93           3        8        ERR124229
94           1        3        ERR129088
95           3        10       ERR069752
96           3        7        ERR065350
97           3        8        ERR129149
98           3        10       ERR129214
99           3        8        ERR069833
100          3        2        ERR124310
101          3        10       ERR068046
102          3        10       ERR129215
103          3        8        ERR129140
104          3        8        ERR069831
105          3        1        ERR068014
106          3        8        ERR124315
107          2        9        ERR124255
108          3        4        ERR065342
109          2        9        ERR124235
110          3        10       ERR129159
111          3        7        ERR129204
112          3        1        ERR129094
113          2        9        ERR069689
114          3        8        ERR069751
115          2        6        ERR068005
116          3        10       ERR069749
117          1        3        ERR067981
118          3        7        ERR067996
119          1        3        ERR129052
120          3        8        ERR069785
121          3        1        ERR069792
122          3        7        ERR124271
123          3        8        ERR069687
124          3        10       ERR124277
125          2        9        ERR124228
126          3        1        ERR129044
127          2        6        ERR065353
128          3        10       ERR129074
129          3        8        ERR069817
130          2        6        ERR065953
131          2        9        ERR129076
132          3        10       ERR129154
133          3        10       ERR069725
134          3        10       ERR068040
135          3        7        ERR129051
136          3        5        ERR129157
137          3        7        ERR124311
138          2        6        ERR069746
139          3        1        ERR068031
140          3        10       ERR067986
141          3        10       ERR124291
142          2        9        ERR129055
143          3        5        ERR069780
144          3        2        ERR065327
145          3        10       ERR069822
146          3        8        ERR129207
147          2        9        ERR124288
148          3        10       ERR129026
149          2        9        ERR124218
150          3        5        ERR068027
151          2        6        ERR069710
152          3        10       ERR065310
153          3        8        ERR129160
154          3        10       ERR065300
155          3        10       ERR069789
156          3        7        ERR065343
157          3        5        ERR069802
158          2        6        ERR129027
159          3        8        ERR129170
160          3        2        ERR129048
161          3        7        ERR065968
162          3        4        ERR065965
163          3        8        ERR068044
164          2        9        ERR129180
165          2        6        ERR068016
166          3        10       ERR065324
167          3        8        ERR129112
168          1        3        ERR129158
169          3        10       ERR069698
170          2        6        ERR069812
171          3        10       ERR124302
172          3        10       ERR129083
173          3        1        ERR065354
174          3        4        ERR069787
175          3        8        ERR068017
176          2        6        ERR129066
177          3        2        ERR129039
178          3        10       ERR065329
179          3        8        ERR124269
180          3        10       ERR129200
181          3        7        ERR067995
182          1        3        ERR068012
183          3        10       ERR124274
184          2        6        ERR067993
185          1        3        ERR069708
186          3        5        ERR129106
187          3        8        ERR069717
188          3        4        ERR069744
189          3        10       ERR129210
190          3        8        ERR129108
191          3        7        ERR129132
192          3        8        ERR069711
193          3        10       ERR068019
194          3        10       ERR129099
195          3        8        ERR129059
196          2        6        ERR065292
197          2        9        ERR067961
198          3        5        ERR069820
199          3        10       ERR129216
200          3        5        ERR129116
201          3        7        ERR069690
202          2        9        ERR065973
203          3        2        ERR065309
204          3        10       ERR124283
205          3        10       ERR065293
206          3        4        ERR069825
207          3        1        ERR069737
208          3        10       ERR124316
209          2        6        ERR065304
210          3        4        ERR129144
211          3        2        ERR124232
212          3        7        ERR068018
213          3        10       ERR124296
214          3        8        ERR067960
215          2        9        ERR068039
216          2        6        ERR068004
217          3        8        ERR129032
218          3        7        ERR124248
219          3        10       ERR068041
220          3        10       ERR129086
221          3        8        ERR065317
222          3        10       ERR069834
223          2        9        ERR069720
224          3        7        ERR129050
225          2        6        ERR129064
226          3        5        ERR069830
227          3        8        ERR069774
228          3        1        ERR129206
229          3        10       ERR069801
230          3        10       ERR124221
231          3        10       ERR129080
232          3        10       ERR068026
233          3        5        ERR129147
234          3        8        ERR069829
235          3        7        ERR129077
236          3        2        ERR067994
237          3        10       ERR069726
238          3        7        ERR065338
239          3        7        ERR129041
240          3        10       ERR065297
241          3        8        ERR129120
242          3        10       ERR129061
243          1        3        ERR124219
244          3        5        ERR065345
245          3        2        ERR124305
246          2        6        ERR069769
247          2        9        ERR065295
248          3        7        ERR069768
249          3        1        ERR129197
250          2        6        ERR065967
251          2        6        ERR124223
252          2        6        ERR069734
253          2        6        ERR129167
254          3        10       ERR129143
255          3        10       ERR124299
256          2        6        ERR129092
257          3        7        ERR129090
258          3        10       ERR068002
259          2        9        ERR068003
260          3        10       ERR124268
261          2        9        ERR129181
262          3        8        ERR069696
263          3        8        ERR129072
264          2        6        ERR065344
265          3        2        ERR129111
266          2        9        ERR068006
267          2        9        ERR068035
268          2        9        ERR069798
269          3        4        ERR124278
270          3        10       ERR069760
271          3        8        ERR067984
272          3        7        ERR069782
273          3        10       ERR124236
274          3        8        ERR068045
275          2        6        ERR065959
276          2        9        ERR129045
277          3        1        ERR069781
278          2        9        ERR069832
279          3        10       ERR065320
280          2        9        ERR124292
281          3        8        ERR129186
282          1        3        ERR124308
283          3        1        ERR129043
284          3        8        ERR069805
285          3        8        ERR124220
286          1        3        ERR069800
287          3        10       ERR068021
288          3        4        ERR067998
289          2        9        ERR124312
290          2        9        ERR065971
291          3        8        ERR129183
292          3        8        ERR068034
293          3        5        ERR065311
294          3        7        ERR068020
295          3        7        ERR069767
296          3        5        ERR067967
297          3        8        ERR069691
298          3        5        ERR129161
299          2        9        ERR069716
300          3        7        ERR124289
301          3        8        ERR129153
302          3        7        ERR129057
303          3        7        ERR067977
304          3        10       ERR129131
305          1        3        ERR069772
306          3        8        ERR124281
307          2        9        ERR069750
308          3        7        ERR069715
309          3        1        ERR124227
310          1        3        ERR069683
311          2        9        ERR069813
312          3        2        ERR124253
313          3        10       ERR069724
314          1        3        ERR065966
315          3        4        ERR069803
316          3        8        ERR124267
317          3        2        ERR124254
318          2        9        ERR129168
319          3        4        ERR124320
320          3        2        ERR065298
321          3        10       ERR069804
322          1        3        ERR065303
323          3        4        ERR065957
324          3        10       ERR068042
325          3        1        ERR069692
326          3        10       ERR124249
327          2        6        ERR069759
328          3        1        ERR069723
329          2        9        ERR067976
330          2        9        ERR065307
331          2        6        ERR065962
332          3        8        ERR069745
333          3        8        ERR129081
334          3        10       ERR129198
335          1        3        ERR069742
336          2        9        ERR069718
337          2        9        ERR124224
338          1        3        ERR069790
339          2        6        ERR069827
340          3        8        ERR129142
341          3        7        ERR124309
342          1        3        ERR069806
343          3        10       ERR129068
344          3        10       ERR067978
345          2        6        ERR069741
346          3        10       ERR129136
347          2        9        ERR129062
348          3        2        ERR129203
349          3        10       ERR068032
350          3        2        ERR065316
351          3        2        ERR124217
352          2        6        ERR067991
353          3        8        ERR124284
354          3        10       ERR129079
355          2        9        ERR069722
356          3        7        ERR124260
357          2        9        ERR069701
358          3        8        ERR129162
359          2        9        ERR129124
360          3        10       ERR124246
361          3        7        ERR065299
362          3        7        ERR129184
363          2        9        ERR124233
364          3        2        ERR124266
365          3        4        ERR069818
366          3        10       ERR068029
367          3        10       ERR124239
368          3        10       ERR124279
369          3        8        ERR129175
370          2        6        ERR065294
371          3        10       ERR129139
372          3        7        ERR069778
373          3        5        ERR068015
374          3        4        ERR129128
375          3        10       ERR129163
376          3        10       ERR068028
377          1        3        ERR065355
378          1        3        ERR068023
379          3        5        ERR069777
380          2        9        ERR069791
381          3        8        ERR124263
382          3        8        ERR069704
383          3        10       ERR129134
384          3        8        ERR129025
385          3        10       ERR065351
386          3        5        ERR069807
387          3        8        ERR129209
388          3        8        ERR069761
389          3        8        ERR129034
390          2        9        ERR129172
391          3        10       ERR124240
392          3        4        ERR065315
393          3        5        ERR065346
394          3        7        ERR069731
395          3        8        ERR069828
396          1        3        ERR069755
397          3        7        ERR129156
398          3        10       ERR067988
399          3        4        ERR069714
400          2        9        ERR068036
401          2        6        ERR129071
402          3        10       ERR129035
403          3        1        ERR069697
404          2        9        ERR065306
405          2        9        ERR069838
406          2        9        ERR065313
407          2        6        ERR129038
408          2        9        ERR124294
409          2        9        ERR124243
410          3        10       ERR067975
411          3        8        ERR129046
412          3        4        ERR129053
413          3        10       ERR124272
414          3        4        ERR065289
415          1        3        ERR124285
416          1        3        ERR129126
417          2        6        ERR129151
418          3        8        ERR124225
419          2        9        ERR065321
420          3        8        ERR068011
421          3        2        ERR124264
422          3        10       ERR069707
423          2        6        ERR124252
424          2        9        ERR129082
425          3        5        ERR069743
426          3        5        ERR067980
427          3        7        ERR069836
428          3        10       ERR068047
429          3        8        ERR065288
430          2        9        ERR124258
431          2        6        ERR065314
432          3        10       ERR124301
433          3        8        ERR129091
434          2        6        ERR067982
435          2        9        ERR124276
436          3        8        ERR129118
437          3        7        ERR065318
438          3        4        ERR068010
439          2        9        ERR129067
440          2        9        ERR065349
441          2        9        ERR068030
442          3        10       ERR069728
443          3        2        ERR067997
444          3        8        ERR065291
445          1        3        ERR069730
446          3        4        ERR069763
447          3        10       ERR124300
448          3        10       ERR129202
449          3        10       ERR124290
450          3        10       ERR129178
451          2        6        ERR069841
452          3        5        ERR065955
453          3        8        ERR129121
454          3        10       ERR067968
455          3        7        ERR069739
456          3        2        ERR069766
457          2        6        ERR069765
458          3        7        ERR067965
459          2        9        ERR065969
460          2        9        ERR069842
461          3        10       ERR129185
462          3        1        ERR069810
463          3        8        ERR129174
464          3        7        ERR124318
465          3        10       ERR129177
466          2        6        ERR065352
467          3        7        ERR129113
468          3        10       ERR069839
469          3        4        ERR129182
470          2        6        ERR069788
471          2        9        ERR067983
472          2        6        ERR069784
473          3        7        ERR065347
474          3        7        ERR065290
475          3        5        ERR065322
476          2        9        ERR069693
477          3        2        ERR129169
478          3        7        ERR068013
479          3        10       ERR124242
480          3        10       ERR129138
481          3        8        ERR065337
482          3        10       ERR129137
483          2        6        ERR124231
484          2        9        ERR129036
485          3        7        ERR124304
486          3        4        ERR065296
487          3        10       ERR065308
488          3        8        ERR065958
489          3        7        ERR124282
490          2        9        ERR067989
491          2        6        ERR129078
492          3        10       ERR129054
493          3        4        ERR069747
494          2        6        ERR069732
495          3        5        ERR129208
496          3        8        ERR124251
497          3        10       ERR129110
498          3        8        ERR065975
499          3        7        ERR129135
500          2        9        ERR069699
501          3        10       ERR069702
502          2        9        ERR069793
503          3        10       ERR129119
504          3        8        ERR124234
505          3        10       ERR124273
506          3        8        ERR068038
507          2        6        ERR068043
508          3        10       ERR065964
509          3        8        ERR129125
510          3        8        ERR069705
511          3        8        ERR065328
512          2        9        ERR129031
513          2        9        ERR129049
514          2        9        ERR129205
515          3        1        ERR069799
516          2        9        ERR067990
517          3        5        ERR069694
518          3        7        ERR129058
519          3        4        ERR124303
520          2        6        ERR065330
521          3        10       ERR129060
522          3        10       ERR129173
523          3        8        ERR124313
524          3        8        ERR069758
525          2        6        ERR069719
526          3        2        ERR124317
527          2        9        ERR129188
528          3        8        ERR124280
529          3        10       ERR069837
530          2        9        ERR129056
531          3        5        ERR124245
532          2        9        ERR069779
533          3        8        ERR129033
534          2        9        ERR069775
535          3        10       ERR068000
536          2        6        ERR069770
537          3        8        ERR069684
538          2        9        ERR124306
539          3        5        ERR129084
540          2        9        ERR129073
541          2        6        ERR069815
542          2        6        ERR069840
543          2        9        ERR129192
544          2        6        ERR069721
545          1        3        ERR069736
546          2        9        ERR129098
547          3        10       ERR069733
548          3        8        ERR129190
549          3        8        ERR069797
550          3        2        ERR069757
551          3        5        ERR065339
552          1        3        ERR069816
553          3        5        ERR124238
554          3        8        ERR069753
555          1        3        ERR129199
556          3        10       ERR068049
557          3        8        ERR069776
558          3        10       ERR129104
559          3        7        ERR069783
560          3        10       ERR129103
561          3        7        ERR069695
562          3        10       ERR067963
563          2        6        ERR129115
564          2        9        ERR068022
565          2        6        ERR124230
566          2        9        ERR069762
567          3        10       ERR067970
568          3        8        ERR069794
569          3        8        ERR124295
570          3        5        ERR067973
571          3        8        ERR069821
572          3        10       ERR067992
573          3        8        ERR065340
574          1        3        ERR069740
575          3        4        ERR065963
576          3        2        ERR129145
577          3        10       ERR124275
578          1        3        ERR065331
579          3        10       ERR067972
580          2        9        ERR124297
581          3        8        ERR068024
582          2        9        ERR067999
583          3        7        ERR124237
584          3        7        ERR067987
585          3        5        ERR129141
586          1        3        ERR065956
587          2        9        ERR129193
588          3        10       ERR129093
589          3        4        ERR069808
590          3        10       ERR129089
591          3        1        ERR129047
592          2        9        ERR129133
593          2        9        ERR065312
594          3        5        ERR065348
595          2        6        ERR067979
596          3        1        ERR129095
597          2        9        ERR124286
598          3        10       ERR129211
599          3        7        ERR129201
600          3        10       ERR068033
601          3        8        ERR124270
602          3        10       ERR124298
603          3        1        ERR129194
604          1        3        ERR129171
605          3        5        ERR129122
606          3        5        ERR129100
607          3        10       ERR129030
