StrainIndex  Lineage  Cluster  Name
1            3        6        ERR065305
2            3        6        ERR129179
3            3        2        ERR129176
4            3        6        ERR124241
5            3        6        ERR069795
6            3        6        ERR124293
7            1        4        ERR069735
8            3        6        ERR069823
9            1        4        ERR124319
10           3        2        ERR129117
11           3        6        ERR068008
12           3        6        ERR069703
13           2        5        ERR124256
14           3        6        ERR129087
15           1        4        ERR069819
16           3        6        ERR129129
17           3        6        ERR069796
18           2        5        ERR069712
19           3        6        ERR124244
20           3        6        ERR069771
21           3        6        ERR065970
22           2        5        ERR069809
23           3        6        ERR069824
24           2        5        ERR068048
25           3        6        ERR065972
26           2        5        ERR129164
27           3        6        ERR069685
28           3        6        ERR067962
29           3        6        ERR068025
30           3        6        ERR067964
31           3        6        ERR069811
32           3        6        ERR129063
33           3        6        ERR065287
34           3        2        ERR129213
35           3        2        ERR129042
36           3        6        ERR129148
37           3        6        ERR069835
38           3        6        ERR069729
39           3        6        ERR129152
40           3        6        ERR124229
41           2        5        ERR129088
42           2        5        ERR065350
43           3        6        ERR129149
44           3        6        ERR069833
45           3        6        ERR129140
46           3        6        ERR069831
47           3        6        ERR124315
48           3        2        ERR124235
49           3        6        ERR069751
50           3        6        ERR069749
51           2        5        ERR067981
52           3        6        ERR069785
53           3        6        ERR069687
54           3        6        ERR124277
55           3        6        ERR129074
56           3        6        ERR069817
57           2        5        ERR129051
58           3        2        ERR129157
59           3        6        ERR069746
60           3        6        ERR068031
61           3        6        ERR065327
62           3        6        ERR129207
63           1        4        ERR124288
64           2        5        ERR124218
65           3        6        ERR129160
66           3        6        ERR065300
67           3        6        ERR129170
68           2        3        ERR065968
69           3        6        ERR068044
70           3        6        ERR065324
71           3        6        ERR129112
72           2        5        ERR129158
73           3        6        ERR069812
74           3        6        ERR068017
75           3        6        ERR129039
76           3        6        ERR065329
77           3        6        ERR124269
78           3        6        ERR129200
79           2        5        ERR068012
80           3        2        ERR069708
81           3        6        ERR069717
82           3        6        ERR067974
83           3        6        ERR129108
84           2        3        ERR129132
85           3        6        ERR069711
86           3        6        ERR068019
87           3        6        ERR129099
88           3        6        ERR129059
89           3        6        ERR065292
90           3        6        ERR124250
91           2        5        ERR069690
92           3        6        ERR124316
93           3        6        ERR124232
94           2        3        ERR068018
95           3        6        ERR067960
96           3        6        ERR068050
97           3        6        ERR129032
98           3        6        ERR129086
99           3        6        ERR065317
100          3        6        ERR069834
101          3        6        ERR069774
102          3        6        ERR069829
103          3        6        ERR067994
104          3        6        ERR069726
105          3        6        ERR129120
106          2        5        ERR124305
107          1        4        ERR065295
108          2        3        ERR069768
109          3        6        ERR129197
110          3        6        ERR065967
111          3        2        ERR129167
112          3        6        ERR129143
113          3        6        ERR124299
114          2        3        ERR129090
115          3        6        ERR068002
116          3        6        ERR069696
117          3        6        ERR129072
118          3        6        ERR065344
119          3        6        ERR069798
120          3        6        ERR067984
121          1        1        ERR069782
122          3        6        ERR124236
123          3        6        ERR068045
124          3        6        ERR069781
125          3        6        ERR129186
126          3        2        ERR124308
127          3        6        ERR069805
128          3        6        ERR124220
129          3        6        ERR065971
130          3        6        ERR129183
131          3        6        ERR068034
132          2        3        ERR068020
133          3        6        ERR069691
134          3        6        ERR129153
135          2        3        ERR067977
136          3        6        ERR069772
137          3        6        ERR124281
138          2        3        ERR069715
139          2        5        ERR069683
140          1        4        ERR069813
141          3        6        ERR124267
142          3        6        ERR124254
143          3        6        ERR129168
144          3        6        ERR065298
145          3        2        ERR065303
146          1        4        ERR065957
147          3        6        ERR065962
148          3        6        ERR069745
149          3        6        ERR129081
150          3        6        ERR069742
151          3        6        ERR129142
152          3        6        ERR069806
153          3        6        ERR124284
154          3        6        ERR129162
155          3        6        ERR068029
156          3        6        ERR124279
157          3        6        ERR129175
158          3        6        ERR065294
159          3        6        ERR129163
160          3        2        ERR068023
161          3        6        ERR124263
162          3        6        ERR069704
163          3        6        ERR129134
164          3        6        ERR129025
165          3        6        ERR065351
166          3        6        ERR129209
167          3        6        ERR069761
168          3        6        ERR129034
169          3        6        ERR129172
170          2        5        ERR065315
171          2        5        ERR069731
172          3        6        ERR069828
173          3        6        ERR069755
174          3        6        ERR067988
175          3        6        ERR129035
176          1        4        ERR069838
177          1        4        ERR124294
178          3        6        ERR129046
179          2        5        ERR124285
180          2        5        ERR129126
181          3        6        ERR124225
182          3        6        ERR068011
183          3        6        ERR124264
184          3        6        ERR124252
185          3        6        ERR065288
186          2        5        ERR124258
187          3        6        ERR124301
188          3        6        ERR129091
189          3        6        ERR067982
190          3        6        ERR129118
191          3        6        ERR068030
192          3        6        ERR069728
193          3        6        ERR067997
194          3        6        ERR065291
195          3        6        ERR069730
196          3        6        ERR124290
197          2        5        ERR124265
198          3        6        ERR129121
199          2        5        ERR069739
200          3        6        ERR069766
201          3        6        ERR069765
202          3        6        ERR129123
203          3        6        ERR065969
204          3        6        ERR129174
205          3        6        ERR065352
206          2        5        ERR129113
207          2        5        ERR065347
208          3        6        ERR069693
209          3        6        ERR129169
210          2        3        ERR068013
211          3        6        ERR065337
212          3        6        ERR124231
213          2        5        ERR124304
214          3        6        ERR065958
215          2        3        ERR124282
216          3        6        ERR069732
217          3        6        ERR124251
218          1        4        ERR129110
219          3        6        ERR065975
220          3        6        ERR129119
221          3        6        ERR124234
222          3        6        ERR124273
223          3        6        ERR068038
224          3        6        ERR129125
225          3        6        ERR069705
226          3        6        ERR065328
227          2        3        ERR129058
228          3        6        ERR065330
229          3        6        ERR129173
230          3        6        ERR124313
231          3        6        ERR069758
232          3        6        ERR069719
233          3        6        ERR124317
234          3        6        ERR124280
235          3        6        ERR069779
236          3        6        ERR129033
237          3        6        ERR069770
238          3        6        ERR069684
239          2        5        ERR124306
240          3        6        ERR069721
241          3        6        ERR069733
242          3        6        ERR129190
243          3        6        ERR069797
244          3        6        ERR069816
245          3        6        ERR069753
246          1        1        ERR129199
247          3        6        ERR069776
248          3        6        ERR129104
249          2        5        ERR069695
250          3        6        ERR067963
251          3        6        ERR067970
252          3        6        ERR069794
253          3        6        ERR124295
254          3        6        ERR069821
255          3        6        ERR067992
256          3        6        ERR065340
257          3        6        ERR069740
258          3        6        ERR124275
259          1        4        ERR124297
260          3        6        ERR068024
261          3        6        ERR065323
262          2        5        ERR124237
263          3        6        ERR065319
264          3        6        ERR065956
265          3        6        ERR129089
266          2        5        ERR065312
267          1        4        ERR124286
268          2        5        ERR129201
269          3        6        ERR068033
270          3        6        ERR124270
