StrainIndex  Lineage  Cluster  Name
1            2        8        ERR069738
2            2        5        ERR065974
3            2        6        ERR129065
4            2        6        ERR129037
5            2        9        ERR069700
6            2        4        ERR124247
7            1        7        ERR124222
8            2        9        ERR065305
9            2        4        ERR069786
10           1        7        ERR129179
11           2        8        ERR129176
12           1        3        ERR069709
13           2        6        ERR067985
14           1        7        ERR129212
15           2        8        ERR068037
16           1        3        ERR069814
17           1        7        ERR124241
18           2        9        ERR069795
19           1        7        ERR124293
20           2        8        ERR069735
21           2        8        ERR069773
22           2        9        ERR067966
23           2        6        ERR129029
24           2        5        ERR129105
25           2        9        ERR124226
26           2        5        ERR129196
27           2        9        ERR069823
28           2        8        ERR124319
29           1        3        ERR068001
30           2        8        ERR129117
31           2        6        ERR069764
32           1        3        ERR068007
33           2        9        ERR068008
34           2        9        ERR067969
35           1        7        ERR069703
36           2        5        ERR129195
37           2        1        ERR065325
38           2        8        ERR124256
39           1        7        ERR129087
40           1        7        ERR069819
41           2        9        ERR129129
42           2        1        ERR065960
43           2        9        ERR069796
44           2        6        ERR065326
45           2        8        ERR069712
46           1        7        ERR124244
47           1        7        ERR129075
48           2        6        ERR069713
49           2        6        ERR069826
50           2        5        ERR065341
51           2        9        ERR069771
52           1        7        ERR069706
53           2        9        ERR065970
54           2        5        ERR129130
55           2        8        ERR129096
56           2        9        ERR129107
57           2        8        ERR069809
58           2        8        ERR065302
59           2        5        ERR129187
60           2        9        ERR124314
61           2        8        ERR069686
62           2        5        ERR069824
63           2        8        ERR068048
64           2        9        ERR065972
65           2        8        ERR129164
66           2        8        ERR069688
67           2        4        ERR069685
68           2        8        ERR124307
69           1        7        ERR067962
70           1        3        ERR124257
71           2        6        ERR129127
72           2        5        ERR065301
73           1        7        ERR124287
74           2        5        ERR068025
75           2        8        ERR067964
76           2        5        ERR069811
77           2        6        ERR069727
78           2        9        ERR129063
79           2        8        ERR065332
80           2        9        ERR129028
81           2        9        ERR065287
82           2        8        ERR129213
83           2        8        ERR129155
84           2        8        ERR129042
85           1        7        ERR129148
86           2        8        ERR129040
87           2        9        ERR069835
88           1        7        ERR129146
89           2        5        ERR129102
90           2        5        ERR069729
91           2        5        ERR129152
92           1        7        ERR069748
93           1        7        ERR069843
94           2        9        ERR124229
95           2        8        ERR129088
96           2        6        ERR069752
97           2        8        ERR065350
98           2        9        ERR129149
99           2        6        ERR129214
100          2        9        ERR069833
101          1        7        ERR124310
102          2        6        ERR068046
103          2        6        ERR129215
104          2        9        ERR129140
105          2        9        ERR069831
106          2        4        ERR068014
107          2        9        ERR124315
108          1        7        ERR124255
109          2        5        ERR065342
110          2        8        ERR124235
111          2        6        ERR129159
112          2        8        ERR129204
113          2        4        ERR129094
114          1        7        ERR069689
115          2        9        ERR069751
116          1        3        ERR068005
117          1        7        ERR069749
118          2        8        ERR067981
119          2        8        ERR067996
120          2        6        ERR129052
121          2        1        ERR069785
122          2        5        ERR069792
123          2        4        ERR124271
124          2        9        ERR069687
125          1        7        ERR124277
126          1        2        ERR124228
127          2        9        ERR129044
128          1        3        ERR065353
129          1        7        ERR129074
130          2        9        ERR069817
131          1        3        ERR065953
132          1        7        ERR129076
133          2        6        ERR129154
134          2        8        ERR069725
135          2        6        ERR068040
136          2        8        ERR129051
137          2        8        ERR129157
138          2        4        ERR124311
139          2        9        ERR069746
140          2        5        ERR068031
141          2        6        ERR067986
142          2        6        ERR124291
143          1        7        ERR129055
144          2        6        ERR069780
145          2        5        ERR065327
146          2        6        ERR069822
147          2        9        ERR129207
148          2        8        ERR124288
149          2        8        ERR129026
150          2        5        ERR124218
151          2        4        ERR068027
152          1        3        ERR069710
153          2        6        ERR065310
154          2        9        ERR129160
155          1        7        ERR065300
156          1        3        ERR069789
157          2        8        ERR065343
158          2        8        ERR069802
159          2        8        ERR129027
160          2        9        ERR129170
161          2        6        ERR129048
162          2        8        ERR065968
163          2        5        ERR065965
164          2        9        ERR068044
165          1        7        ERR129180
166          2        4        ERR068016
167          1        7        ERR065324
168          2        9        ERR129112
169          2        8        ERR129158
170          2        8        ERR069698
171          2        9        ERR069812
172          2        6        ERR124302
173          2        9        ERR129083
174          2        5        ERR065354
175          2        9        ERR069787
176          2        9        ERR068017
177          2        4        ERR129066
178          2        5        ERR129039
179          1        7        ERR065329
180          2        9        ERR124269
181          1        7        ERR129200
182          2        8        ERR067995
183          2        8        ERR068012
184          2        8        ERR124274
185          2        4        ERR067993
186          2        8        ERR069708
187          2        4        ERR129106
188          2        9        ERR069717
189          2        9        ERR067974
190          2        9        ERR069744
191          2        6        ERR129210
192          2        9        ERR129108
193          2        8        ERR129132
194          2        9        ERR069711
195          1        7        ERR068019
196          1        7        ERR129099
197          2        9        ERR129059
198          2        9        ERR065292
199          1        2        ERR067961
200          2        6        ERR069820
201          2        9        ERR129216
202          2        4        ERR129116
203          1        7        ERR124250
204          2        8        ERR069690
205          1        7        ERR065973
206          2        6        ERR065309
207          2        8        ERR124283
208          2        8        ERR065293
209          2        9        ERR069825
210          2        1        ERR069737
211          1        7        ERR124316
212          2        4        ERR065304
213          2        5        ERR129144
214          2        5        ERR124232
215          2        6        ERR068018
216          2        6        ERR124296
217          2        9        ERR067960
218          2        9        ERR068050
219          2        8        ERR068039
220          1        3        ERR068004
221          2        9        ERR129032
222          2        8        ERR124248
223          2        6        ERR068041
224          1        7        ERR129086
225          2        9        ERR065317
226          1        7        ERR069834
227          1        7        ERR069720
228          2        1        ERR129050
229          2        9        ERR129064
230          2        4        ERR069830
231          2        9        ERR069774
232          2        4        ERR129206
233          2        6        ERR069801
234          2        8        ERR124221
235          2        6        ERR129080
236          2        8        ERR068026
237          2        8        ERR129147
238          2        9        ERR069829
239          2        5        ERR129077
240          2        5        ERR067994
241          1        7        ERR069726
242          2        8        ERR065338
243          2        4        ERR129041
244          2        8        ERR065297
245          2        9        ERR129120
246          2        8        ERR129061
247          2        6        ERR124219
248          2        8        ERR065345
249          1        7        ERR124305
250          2        9        ERR069769
251          1        7        ERR065295
252          2        8        ERR069768
253          2        9        ERR129197
254          2        9        ERR065967
255          1        3        ERR124223
256          1        3        ERR069734
257          2        8        ERR129167
258          1        7        ERR129143
259          1        7        ERR124299
260          1        3        ERR129092
261          2        8        ERR129090
262          1        7        ERR068002
263          2        4        ERR068003
264          2        6        ERR124268
265          2        9        ERR129181
266          2        9        ERR069696
267          2        4        ERR129072
268          2        9        ERR065344
269          2        6        ERR129111
270          1        7        ERR068006
271          1        7        ERR068035
272          2        4        ERR069798
273          2        5        ERR124278
274          2        6        ERR069760
275          2        9        ERR067984
276          1        7        ERR124236
277          2        9        ERR068045
278          2        4        ERR065959
279          1        7        ERR129045
280          2        9        ERR069781
281          1        7        ERR069832
282          2        8        ERR065320
283          1        2        ERR124292
284          2        9        ERR129186
285          2        8        ERR124308
286          1        7        ERR129043
287          2        9        ERR069805
288          2        9        ERR124220
289          2        6        ERR069800
290          1        3        ERR068021
291          2        5        ERR067998
292          1        2        ERR124312
293          2        4        ERR065971
294          2        9        ERR129183
295          2        9        ERR068034
296          2        4        ERR065311
297          2        8        ERR068020
298          2        8        ERR069767
299          2        9        ERR067967
300          2        9        ERR069691
301          2        9        ERR129161
302          1        7        ERR069716
303          2        4        ERR124289
304          2        9        ERR129153
305          2        4        ERR129057
306          2        8        ERR067977
307          2        6        ERR129131
308          2        5        ERR069772
309          2        9        ERR124281
310          1        7        ERR069750
311          2        8        ERR069715
312          1        7        ERR124227
313          2        8        ERR069683
314          1        7        ERR069813
315          2        6        ERR124253
316          2        8        ERR069724
317          2        6        ERR065966
318          2        4        ERR069803
319          2        9        ERR124267
320          2        5        ERR124254
321          2        4        ERR129168
322          2        5        ERR124320
323          2        5        ERR065298
324          2        6        ERR069804
325          2        8        ERR065303
326          1        3        ERR065957
327          2        8        ERR068042
328          2        5        ERR069692
329          2        8        ERR124249
330          1        3        ERR069759
331          2        5        ERR069723
332          1        7        ERR067976
333          1        7        ERR065307
334          2        9        ERR065962
335          2        9        ERR069745
336          2        9        ERR129081
337          2        8        ERR129198
338          2        6        ERR069742
339          1        2        ERR069718
340          1        2        ERR124224
341          2        6        ERR069790
342          1        3        ERR069827
343          2        9        ERR129142
344          2        4        ERR124309
345          2        5        ERR069806
346          2        6        ERR129068
347          2        8        ERR067978
348          1        3        ERR069741
349          2        9        ERR129136
350          1        7        ERR129062
351          2        5        ERR129203
352          2        8        ERR068032
353          2        6        ERR065316
354          2        6        ERR124217
355          2        4        ERR067991
356          2        9        ERR124284
357          2        6        ERR129079
358          2        5        ERR069722
359          2        8        ERR124260
360          1        7        ERR069701
361          2        1        ERR129162
362          2        8        ERR129124
363          2        6        ERR124246
364          2        1        ERR065299
365          2        4        ERR129184
366          1        7        ERR124233
367          1        7        ERR124266
368          2        5        ERR069818
369          1        7        ERR068029
370          2        8        ERR124239
371          1        7        ERR124279
372          2        9        ERR129175
373          2        6        ERR065294
374          2        6        ERR129139
375          2        8        ERR069778
376          2        9        ERR068015
377          2        9        ERR129128
378          1        7        ERR129163
379          2        8        ERR068028
380          2        6        ERR065355
381          2        8        ERR068023
382          2        4        ERR069777
383          2        4        ERR069791
384          2        9        ERR124263
385          2        9        ERR069704
386          1        7        ERR129134
387          2        9        ERR129025
388          1        7        ERR065351
389          2        4        ERR069807
390          2        9        ERR129209
391          2        9        ERR069761
392          2        9        ERR129034
393          2        4        ERR129172
394          2        6        ERR124240
395          2        5        ERR065315
396          2        8        ERR065346
397          2        8        ERR069731
398          2        9        ERR069828
399          2        9        ERR069755
400          2        8        ERR129156
401          1        7        ERR067988
402          2        5        ERR069714
403          1        7        ERR068036
404          2        5        ERR129071
405          1        7        ERR129035
406          2        5        ERR069697
407          2        4        ERR065306
408          1        7        ERR069838
409          1        7        ERR065313
410          2        4        ERR129038
411          2        8        ERR124294
412          1        2        ERR124243
413          2        4        ERR067975
414          2        9        ERR129046
415          2        5        ERR129053
416          2        8        ERR124272
417          2        5        ERR065289
418          2        8        ERR124285
419          2        8        ERR129126
420          1        2        ERR129151
421          2        9        ERR124225
422          2        8        ERR065321
423          2        9        ERR068011
424          2        5        ERR124264
425          2        6        ERR069707
426          2        6        ERR124252
427          1        7        ERR129082
428          2        4        ERR069743
429          2        4        ERR067980
430          2        8        ERR069836
431          2        6        ERR068047
432          2        9        ERR065288
433          2        5        ERR124258
434          1        7        ERR065314
435          1        7        ERR124301
436          2        9        ERR129091
437          2        6        ERR067982
438          1        2        ERR124276
439          2        9        ERR129118
440          2        4        ERR065318
441          2        5        ERR068010
442          1        2        ERR129067
443          2        5        ERR065349
444          2        4        ERR068030
445          1        7        ERR069728
446          2        5        ERR067997
447          2        9        ERR065291
448          2        5        ERR069730
449          2        9        ERR069763
450          2        8        ERR124300
451          2        9        ERR129202
452          1        7        ERR124290
453          2        6        ERR129178
454          2        4        ERR069841
455          2        4        ERR065955
456          2        8        ERR124265
457          2        9        ERR129121
458          2        6        ERR067968
459          2        5        ERR069739
460          2        5        ERR069766
461          2        9        ERR069765
462          2        9        ERR129123
463          2        8        ERR067965
464          2        4        ERR065969
465          2        4        ERR069842
466          1        3        ERR129185
467          2        5        ERR069810
468          2        9        ERR129174
469          2        8        ERR124318
470          2        6        ERR129177
471          2        6        ERR065352
472          2        8        ERR129113
473          2        6        ERR069839
474          2        5        ERR129182
475          1        3        ERR069788
476          1        7        ERR067983
477          1        3        ERR069784
478          2        8        ERR065347
479          2        4        ERR065290
480          2        4        ERR065322
481          2        6        ERR069693
482          2        5        ERR129169
483          2        8        ERR068013
484          2        6        ERR124242
485          2        9        ERR129138
486          2        9        ERR065337
487          2        6        ERR129137
488          2        9        ERR124231
489          1        7        ERR129036
490          2        8        ERR124304
491          2        5        ERR065296
492          2        6        ERR065308
493          2        1        ERR065958
494          2        8        ERR124282
495          1        7        ERR067989
496          1        7        ERR129078
497          2        8        ERR129054
498          2        9        ERR069747
499          2        8        ERR069732
500          2        9        ERR129208
501          2        9        ERR124251
502          2        6        ERR129110
503          2        9        ERR065975
504          2        4        ERR129135
505          1        7        ERR069699
506          2        6        ERR069702
507          2        4        ERR069793
508          1        7        ERR129119
509          2        9        ERR124234
510          1        7        ERR124273
511          2        9        ERR068038
512          1        3        ERR068043
513          2        6        ERR065964
514          2        9        ERR129125
515          2        9        ERR069705
516          2        9        ERR065328
517          1        7        ERR129031
518          1        7        ERR129049
519          1        7        ERR129205
520          2        5        ERR069799
521          1        7        ERR067990
522          2        9        ERR069694
523          2        8        ERR129058
524          2        4        ERR068009
525          2        9        ERR124303
526          2        9        ERR065330
527          2        8        ERR129060
528          1        7        ERR129173
529          2        9        ERR124313
530          2        9        ERR069758
531          2        9        ERR069719
532          2        5        ERR124317
533          2        8        ERR129188
534          2        9        ERR124280
535          2        6        ERR069837
536          2        8        ERR129056
537          2        9        ERR124245
538          2        4        ERR069779
539          2        9        ERR129033
540          2        8        ERR069775
541          2        6        ERR068000
542          2        9        ERR069770
543          2        9        ERR069684
544          2        5        ERR124306
545          2        6        ERR129084
546          1        2        ERR129073
547          1        2        ERR069815
548          2        8        ERR069840
549          2        4        ERR129192
550          2        9        ERR069721
551          2        6        ERR069736
552          1        7        ERR129098
553          1        7        ERR069733
554          2        9        ERR129190
555          2        1        ERR069797
556          2        6        ERR069757
557          2        4        ERR065339
558          2        5        ERR069816
559          2        9        ERR124238
560          2        9        ERR069753
561          2        8        ERR129199
562          2        8        ERR068049
563          2        9        ERR069776
564          1        7        ERR129104
565          2        8        ERR069783
566          2        9        ERR129103
567          2        5        ERR069695
568          1        7        ERR067963
569          2        8        ERR129115
570          2        5        ERR068022
571          2        4        ERR124230
572          1        7        ERR069762
573          1        7        ERR067970
574          2        9        ERR069794
575          2        4        ERR124295
576          2        4        ERR067973
577          2        1        ERR069821
578          1        7        ERR067992
579          2        9        ERR065340
580          2        9        ERR069740
581          2        9        ERR065963
582          1        7        ERR129145
583          1        7        ERR124275
584          2        6        ERR065331
585          1        3        ERR067972
586          2        8        ERR124297
587          2        9        ERR068024
588          1        7        ERR067999
589          2        9        ERR065323
590          2        8        ERR124237
591          2        8        ERR067987
592          2        4        ERR129141
593          2        9        ERR065319
594          2        5        ERR065956
595          1        7        ERR129193
596          2        6        ERR129093
597          2        8        ERR069808
598          1        7        ERR129089
599          2        5        ERR129047
600          1        7        ERR129133
601          2        5        ERR065312
602          2        9        ERR065348
603          1        3        ERR067979
604          2        4        ERR129095
605          2        8        ERR124286
606          2        6        ERR129211
607          2        8        ERR129201
608          1        7        ERR068033
609          2        9        ERR124270
610          2        6        ERR124298
611          2        9        ERR129194
612          2        6        ERR129171
613          2        9        ERR129122
614          2        9        ERR129100
615          2        9        ERR129030
