StrainIndex  Lineage  Cluster  Name
1            3        4        ERR069738
2            3        4        ERR065974
3            3        4        ERR129065
4            3        4        ERR069700
5            3        4        ERR124247
6            3        4        ERR124222
7            3        4        ERR065305
8            3        4        ERR129212
9            3        4        ERR068037
10           3        4        ERR069795
11           2        2        ERR069773
12           3        4        ERR067966
13           3        4        ERR129029
14           3        4        ERR129105
15           3        4        ERR129196
16           3        4        ERR069823
17           3        4        ERR069764
18           3        4        ERR068008
19           3        4        ERR067969
20           3        4        ERR129195
21           3        4        ERR065325
22           3        4        ERR124256
23           3        4        ERR129129
24           3        4        ERR065960
25           3        4        ERR069796
26           3        3        ERR069712
27           3        4        ERR129075
28           3        4        ERR069826
29           3        4        ERR065341
30           1        1        ERR069771
31           3        4        ERR069706
32           3        4        ERR065970
33           3        4        ERR129130
34           3        4        ERR129096
35           3        4        ERR129107
36           3        4        ERR069809
37           3        4        ERR065302
38           2        2        ERR129187
39           3        4        ERR124314
40           3        4        ERR069686
41           3        4        ERR069824
42           3        4        ERR068048
43           3        4        ERR065972
44           3        4        ERR129164
45           3        4        ERR069688
46           3        4        ERR124307
47           3        4        ERR065301
48           3        4        ERR124287
49           3        4        ERR068025
50           3        4        ERR067964
51           3        4        ERR069811
52           3        4        ERR129063
53           3        4        ERR129028
54           3        4        ERR065287
55           3        4        ERR129155
56           3        4        ERR129040
57           3        4        ERR069835
58           3        4        ERR129146
59           3        4        ERR069729
60           3        4        ERR129152
61           3        4        ERR069748
62           3        4        ERR069843
63           3        4        ERR124229
64           3        4        ERR129088
65           3        4        ERR065350
66           3        4        ERR129149
67           3        4        ERR069833
68           3        4        ERR124310
69           3        4        ERR129140
70           3        4        ERR069831
71           3        4        ERR068014
72           3        4        ERR124315
73           3        4        ERR124255
74           3        4        ERR065342
75           3        4        ERR129204
76           3        4        ERR129094
77           3        4        ERR069689
78           3        4        ERR069751
79           3        4        ERR067981
80           3        4        ERR067996
81           3        4        ERR129052
82           3        4        ERR069792
83           3        4        ERR124271
84           3        4        ERR069687
85           3        4        ERR124228
86           3        4        ERR129044
87           3        4        ERR069817
88           3        4        ERR129076
89           3        3        ERR129051
90           3        4        ERR124311
91           3        4        ERR069746
92           3        4        ERR068031
93           3        4        ERR129055
94           3        4        ERR069780
95           3        4        ERR065327
96           3        4        ERR129207
97           3        4        ERR068027
98           3        4        ERR129160
99           3        4        ERR065343
100          3        4        ERR069802
101          3        4        ERR129170
102          3        4        ERR129048
103          3        3        ERR065968
104          3        4        ERR065965
105          3        4        ERR068044
106          3        4        ERR129180
107          3        4        ERR068016
108          3        4        ERR129112
109          3        4        ERR129158
110          3        4        ERR069812
111          3        4        ERR129083
112          3        4        ERR065354
113          3        4        ERR069787
114          3        4        ERR068017
115          3        4        ERR129066
116          3        4        ERR129039
117          3        4        ERR124269
118          3        4        ERR067995
119          3        4        ERR068012
120          3        4        ERR129106
121          3        4        ERR069717
122          3        4        ERR067974
123          3        4        ERR069744
124          3        4        ERR129108
125          3        3        ERR129132
126          3        4        ERR069711
127          3        4        ERR129059
128          3        4        ERR065292
129          3        4        ERR067961
130          3        4        ERR129216
131          3        4        ERR129116
132          3        3        ERR069690
133          3        4        ERR065973
134          3        4        ERR065309
135          3        4        ERR069825
136          3        4        ERR069737
137          3        4        ERR065304
138          3        4        ERR129144
139          3        4        ERR124232
140          3        3        ERR068018
141          3        4        ERR067960
142          3        4        ERR068050
143          3        4        ERR068039
144          3        4        ERR068004
145          3        4        ERR129032
146          3        4        ERR124248
147          3        4        ERR129086
148          3        4        ERR065317
149          3        4        ERR069720
150          3        4        ERR129050
151          3        4        ERR069830
152          3        4        ERR069774
153          3        4        ERR129206
154          3        4        ERR129080
155          3        4        ERR129147
156          3        4        ERR069829
157          3        4        ERR129077
158          3        4        ERR067994
159          3        4        ERR065338
160          3        4        ERR129041
161          3        4        ERR129120
162          3        4        ERR124219
163          3        4        ERR065345
164          3        4        ERR124305
165          3        3        ERR069768
166          1        1        ERR129197
167          3        4        ERR065967
168          3        3        ERR129090
169          3        4        ERR068003
170          3        4        ERR129181
171          3        4        ERR069696
172          3        4        ERR129072
173          3        4        ERR065344
174          3        4        ERR129111
175          3        4        ERR068006
176          3        4        ERR068035
177          3        4        ERR124278
178          3        4        ERR067984
179          3        4        ERR068045
180          3        4        ERR065959
181          3        4        ERR129045
182          1        1        ERR069781
183          3        4        ERR069832
184          3        4        ERR124292
185          3        4        ERR129186
186          3        4        ERR069805
187          3        4        ERR124220
188          3        4        ERR069800
189          3        4        ERR067998
190          3        4        ERR124312
191          3        4        ERR129183
192          3        4        ERR068034
193          3        4        ERR065311
194          3        3        ERR068020
195          3        4        ERR069767
196          3        4        ERR067967
197          3        4        ERR069691
198          3        4        ERR129161
199          3        4        ERR069716
200          3        4        ERR124289
201          3        4        ERR129153
202          3        4        ERR129057
203          3        3        ERR067977
204          3        4        ERR069772
205          3        4        ERR124281
206          3        4        ERR069750
207          3        3        ERR069715
208          3        4        ERR069683
209          3        4        ERR124253
210          3        4        ERR065966
211          3        4        ERR124267
212          3        4        ERR124254
213          3        4        ERR124320
214          3        4        ERR065298
215          3        4        ERR069692
216          3        4        ERR069723
217          3        4        ERR067976
218          3        4        ERR065307
219          3        4        ERR065962
220          3        4        ERR069745
221          3        4        ERR129081
222          3        4        ERR069742
223          3        4        ERR069718
224          3        4        ERR124224
225          3        4        ERR069790
226          3        4        ERR129142
227          3        4        ERR124309
228          3        4        ERR069806
229          3        4        ERR129136
230          3        4        ERR129062
231          3        4        ERR129203
232          3        4        ERR065316
233          3        4        ERR124217
234          3        4        ERR067991
235          3        4        ERR124284
236          3        4        ERR124260
237          3        4        ERR069701
238          3        4        ERR129162
239          2        2        ERR129124
240          3        4        ERR065299
241          3        4        ERR129184
242          3        4        ERR124233
243          3        4        ERR124266
244          3        4        ERR069818
245          3        4        ERR129175
246          3        4        ERR065294
247          3        4        ERR069778
248          3        4        ERR068015
249          3        4        ERR129128
250          3        4        ERR065355
251          3        4        ERR069777
252          3        4        ERR069791
253          3        4        ERR124263
254          3        4        ERR069704
255          3        4        ERR129025
256          3        4        ERR069807
257          3        4        ERR129209
258          3        4        ERR069761
259          3        4        ERR129034
260          3        4        ERR065315
261          3        4        ERR065346
262          3        4        ERR069731
263          3        4        ERR069828
264          3        4        ERR069755
265          3        4        ERR129156
266          3        4        ERR069714
267          3        4        ERR068036
268          3        4        ERR069697
269          3        4        ERR065306
270          3        4        ERR065313
271          3        4        ERR129038
272          3        4        ERR124243
273          3        4        ERR067975
274          3        4        ERR129046
275          3        4        ERR129053
276          3        4        ERR065289
277          3        4        ERR124285
278          3        4        ERR129126
279          3        4        ERR129151
280          3        4        ERR124225
281          3        4        ERR065321
282          3        4        ERR068011
283          3        4        ERR124264
284          3        4        ERR124252
285          3        4        ERR129082
286          3        4        ERR069743
287          2        2        ERR067980
288          3        4        ERR069836
289          3        4        ERR065288
290          3        4        ERR065314
291          3        4        ERR129091
292          3        4        ERR067982
293          3        4        ERR124276
294          3        4        ERR129118
295          3        4        ERR065318
296          3        4        ERR068010
297          3        4        ERR129067
298          3        4        ERR068030
299          3        4        ERR067997
300          3        4        ERR065291
301          3        4        ERR069730
302          3        4        ERR069763
303          3        4        ERR129202
304          3        4        ERR065955
305          3        3        ERR124265
306          3        4        ERR129121
307          3        4        ERR069739
308          3        4        ERR069766
309          3        4        ERR069765
310          3        4        ERR129123
311          3        4        ERR067965
312          3        4        ERR069842
313          3        4        ERR069810
314          3        4        ERR129174
315          3        4        ERR124318
316          3        4        ERR065352
317          3        3        ERR129113
318          3        4        ERR129182
319          3        4        ERR067983
320          3        4        ERR065347
321          3        4        ERR065290
322          3        4        ERR065322
323          3        4        ERR129169
324          3        3        ERR068013
325          3        4        ERR129138
326          3        4        ERR065337
327          3        4        ERR124231
328          3        4        ERR129036
329          3        3        ERR124304
330          3        4        ERR065296
331          3        4        ERR065958
332          3        3        ERR124282
333          3        4        ERR067989
334          3        4        ERR129078
335          3        4        ERR069747
336          3        4        ERR069732
337          3        4        ERR129208
338          3        4        ERR124251
339          3        4        ERR065975
340          3        4        ERR129135
341          3        4        ERR069699
342          3        4        ERR069793
343          3        4        ERR124234
344          3        4        ERR068038
345          3        4        ERR129125
346          3        4        ERR069705
347          3        4        ERR065328
348          3        4        ERR129031
349          3        4        ERR129049
350          3        4        ERR129205
351          3        4        ERR069799
352          3        4        ERR067990
353          3        4        ERR069694
354          3        3        ERR129058
355          3        4        ERR068009
356          3        4        ERR124303
357          3        4        ERR065330
358          3        4        ERR124313
359          3        4        ERR069758
360          3        4        ERR069719
361          3        4        ERR124317
362          3        4        ERR129188
363          3        4        ERR124280
364          3        4        ERR129056
365          3        4        ERR124245
366          3        4        ERR129033
367          3        4        ERR069775
368          3        4        ERR069770
369          3        4        ERR069684
370          3        4        ERR129073
371          3        4        ERR069815
372          3        4        ERR069840
373          3        4        ERR129192
374          3        4        ERR069721
375          3        4        ERR069736
376          3        4        ERR129098
377          3        4        ERR129190
378          3        4        ERR069757
379          3        4        ERR065339
380          3        4        ERR069816
381          3        4        ERR124238
382          3        4        ERR069753
383          3        4        ERR129199
384          3        4        ERR069776
385          3        4        ERR069783
386          3        4        ERR129103
387          3        4        ERR069695
388          3        4        ERR124230
389          3        4        ERR069762
390          3        4        ERR069794
391          3        4        ERR124295
392          3        4        ERR067973
393          3        4        ERR065340
394          3        4        ERR069740
395          3        4        ERR065963
396          3        4        ERR129145
397          3        4        ERR065331
398          3        4        ERR068024
399          3        4        ERR067999
400          3        4        ERR065323
401          3        3        ERR124237
402          3        4        ERR067987
403          3        4        ERR129141
404          3        4        ERR065319
405          3        4        ERR065956
406          3        4        ERR129193
407          3        4        ERR069808
408          3        4        ERR129047
409          3        4        ERR129133
410          3        4        ERR065348
411          3        4        ERR129095
412          3        4        ERR129201
413          3        4        ERR124270
414          3        4        ERR129194
415          3        4        ERR129171
416          3        4        ERR129122
417          3        4        ERR129100
418          3        4        ERR129030
