StrainIndex  Lineage  Cluster  Name
1            1        1        ERR069738
2            1        1        ERR065974
3            1        1        ERR129065
4            1        1        ERR129037
5            1        1        ERR124247
6            1        1        ERR124222
7            1        1        ERR065305
8            1        1        ERR069786
9            1        1        ERR129179
10           1        1        ERR129176
11           1        1        ERR069709
12           1        1        ERR067985
13           1        1        ERR129212
14           1        1        ERR068037
15           1        1        ERR069814
16           1        1        ERR124241
17           1        1        ERR069795
18           1        1        ERR124293
19           1        1        ERR069773
20           1        1        ERR067966
21           1        1        ERR129029
22           1        1        ERR129105
23           1        1        ERR124226
24           1        1        ERR129196
25           1        1        ERR069823
26           1        1        ERR124319
27           1        1        ERR068001
28           1        1        ERR069764
29           1        1        ERR068007
30           1        1        ERR069703
31           1        1        ERR129195
32           1        1        ERR065325
33           1        1        ERR124256
34           1        1        ERR129087
35           1        1        ERR129129
36           1        1        ERR065960
37           1        1        ERR069796
38           1        1        ERR065326
39           1        1        ERR069712
40           1        1        ERR124244
41           1        1        ERR129075
42           1        1        ERR069713
43           1        1        ERR069826
44           1        1        ERR065341
45           1        1        ERR069771
46           1        1        ERR065970
47           1        1        ERR129096
48           1        1        ERR129107
49           1        1        ERR069809
50           1        1        ERR065302
51           1        1        ERR129187
52           1        1        ERR124314
53           1        1        ERR069686
54           1        1        ERR069824
55           1        1        ERR068048
56           1        1        ERR065972
57           1        1        ERR129164
58           1        1        ERR069688
59           1        1        ERR124307
60           1        1        ERR067962
61           1        1        ERR124257
62           1        1        ERR129127
63           1        1        ERR065301
64           1        1        ERR124287
65           1        1        ERR068025
66           1        1        ERR067964
67           1        1        ERR069811
68           1        1        ERR069727
69           1        1        ERR129063
70           1        1        ERR065332
71           1        1        ERR129028
72           1        1        ERR065287
73           1        1        ERR129155
74           1        1        ERR129148
75           1        1        ERR129040
76           1        1        ERR069835
77           1        1        ERR129146
78           1        1        ERR129102
79           1        1        ERR069729
80           1        1        ERR129152
81           1        1        ERR069748
82           1        1        ERR069843
83           1        1        ERR124229
84           1        1        ERR129088
85           1        1        ERR069752
86           1        1        ERR065350
87           1        1        ERR129149
88           1        1        ERR129214
89           1        1        ERR069833
90           1        1        ERR124310
91           1        1        ERR068046
92           1        1        ERR129215
93           1        1        ERR069831
94           1        1        ERR068014
95           1        1        ERR124315
96           1        1        ERR124255
97           1        1        ERR065342
98           1        1        ERR129159
99           1        1        ERR129204
100          1        1        ERR129094
101          1        1        ERR069689
102          1        1        ERR069751
103          1        1        ERR068005
104          1        1        ERR069749
105          1        1        ERR067981
106          1        1        ERR067996
107          1        1        ERR129052
108          1        1        ERR069785
109          1        1        ERR069792
110          1        1        ERR124271
111          1        1        ERR069687
112          1        1        ERR124277
113          1        1        ERR129044
114          1        1        ERR065353
115          1        1        ERR129074
116          1        1        ERR065953
117          1        1        ERR129076
118          1        1        ERR129154
119          1        1        ERR069725
120          1        1        ERR068040
121          1        1        ERR129051
122          1        1        ERR124311
123          1        1        ERR069746
124          1        1        ERR068031
125          1        1        ERR067986
126          1        1        ERR124291
127          1        1        ERR129055
128          1        1        ERR069780
129          1        1        ERR065327
130          1        1        ERR069822
131          1        1        ERR129207
132          1        1        ERR124288
133          1        1        ERR124218
134          1        1        ERR068027
135          1        1        ERR069710
136          1        1        ERR065310
137          1        1        ERR129160
138          1        1        ERR065300
139          1        1        ERR069789
140          1        1        ERR065343
141          1        1        ERR069802
142          1        1        ERR129027
143          1        1        ERR129170
144          1        1        ERR129048
145          1        1        ERR065968
146          1        1        ERR065965
147          1        1        ERR068044
148          1        1        ERR129180
149          1        1        ERR068016
150          1        1        ERR129112
151          1        1        ERR129158
152          1        1        ERR069698
153          1        1        ERR069812
154          1        1        ERR124302
155          1        1        ERR129083
156          1        1        ERR065354
157          1        1        ERR129066
158          1        1        ERR129039
159          1        1        ERR065329
160          1        1        ERR124269
161          1        1        ERR129200
162          1        1        ERR068012
163          1        1        ERR124274
164          1        1        ERR067993
165          1        1        ERR069708
166          1        1        ERR129106
167          1        1        ERR069717
168          1        1        ERR067974
169          1        1        ERR069744
170          1        1        ERR129210
171          1        1        ERR129108
172          1        1        ERR129132
173          1        1        ERR069711
174          1        1        ERR068019
175          1        1        ERR129099
176          1        1        ERR129059
177          1        1        ERR065292
178          1        1        ERR069820
179          1        1        ERR129216
180          1        1        ERR129116
181          1        1        ERR124250
182          1        1        ERR069690
183          1        1        ERR065973
184          1        1        ERR065309
185          1        1        ERR124283
186          1        1        ERR065293
187          1        1        ERR069825
188          1        1        ERR124316
189          1        1        ERR065304
190          1        1        ERR129144
191          1        1        ERR124232
192          1        1        ERR068018
193          1        1        ERR124296
194          1        1        ERR067960
195          1        1        ERR068050
196          1        1        ERR068039
197          1        1        ERR068004
198          1        1        ERR129032
199          1        1        ERR124248
200          1        1        ERR068041
201          1        1        ERR129086
202          1        1        ERR065317
203          1        1        ERR069834
204          1        1        ERR069720
205          1        1        ERR129050
206          1        1        ERR069830
207          1        1        ERR069774
208          1        1        ERR129206
209          1        1        ERR069801
210          1        1        ERR124221
211          1        1        ERR129080
212          1        1        ERR068026
213          1        1        ERR129147
214          1        1        ERR069829
215          1        1        ERR129077
216          1        1        ERR067994
217          1        1        ERR069726
218          1        1        ERR129041
219          1        1        ERR065297
220          1        1        ERR129061
221          1        1        ERR124219
222          1        1        ERR065345
223          1        1        ERR124305
224          1        1        ERR069769
225          1        1        ERR065295
226          1        1        ERR069768
227          1        1        ERR129197
228          1        1        ERR065967
229          1        1        ERR124223
230          1        1        ERR069734
231          1        1        ERR129143
232          1        1        ERR124299
233          1        1        ERR129092
234          1        1        ERR129090
235          1        1        ERR068002
236          1        1        ERR124268
237          1        1        ERR129181
238          1        1        ERR069696
239          1        1        ERR065344
240          1        1        ERR129111
241          1        1        ERR068006
242          1        1        ERR068035
243          1        1        ERR124278
244          1        1        ERR069760
245          1        1        ERR067984
246          1        1        ERR124236
247          1        1        ERR068045
248          1        1        ERR065959
249          1        1        ERR129045
250          1        1        ERR069832
251          1        1        ERR065320
252          1        1        ERR129186
253          1        1        ERR069805
254          1        1        ERR124220
255          1        1        ERR068021
256          1        1        ERR067998
257          1        1        ERR129183
258          1        1        ERR068034
259          1        1        ERR065311
260          1        1        ERR068020
261          1        1        ERR069767
262          1        1        ERR067967
263          1        1        ERR069691
264          1        1        ERR129161
265          1        1        ERR069716
266          1        1        ERR124289
267          1        1        ERR129153
268          1        1        ERR129057
269          1        1        ERR067977
270          1        1        ERR129131
271          1        1        ERR069772
272          1        1        ERR124281
273          1        1        ERR069750
274          1        1        ERR069715
275          1        1        ERR069683
276          1        1        ERR124253
277          1        1        ERR069724
278          1        1        ERR124267
279          1        1        ERR124254
280          1        1        ERR124320
281          1        1        ERR065298
282          1        1        ERR069804
283          1        1        ERR065303
284          1        1        ERR065957
285          1        1        ERR068042
286          1        1        ERR069692
287          1        1        ERR124249
288          1        1        ERR069759
289          1        1        ERR069723
290          1        1        ERR067976
291          1        1        ERR065307
292          1        1        ERR065962
293          1        1        ERR129081
294          1        1        ERR069742
295          1        1        ERR069790
296          1        1        ERR069827
297          1        1        ERR129142
298          1        1        ERR124309
299          1        1        ERR069806
300          1        1        ERR129068
301          1        1        ERR067978
302          1        1        ERR069741
303          1        1        ERR129136
304          1        1        ERR129062
305          1        1        ERR129203
306          1        1        ERR068032
307          1        1        ERR065316
308          1        1        ERR124217
309          1        1        ERR067991
310          1        1        ERR124284
311          1        1        ERR129079
312          1        1        ERR069722
313          1        1        ERR124260
314          1        1        ERR069701
315          1        1        ERR129162
316          1        1        ERR129124
317          1        1        ERR124246
318          1        1        ERR065299
319          1        1        ERR129184
320          1        1        ERR124233
321          1        1        ERR124266
322          1        1        ERR069818
323          1        1        ERR068029
324          1        1        ERR124239
325          1        1        ERR124279
326          1        1        ERR129175
327          1        1        ERR065294
328          1        1        ERR129139
329          1        1        ERR069778
330          1        1        ERR068015
331          1        1        ERR129163
332          1        1        ERR065355
333          1        1        ERR068023
334          1        1        ERR069777
335          1        1        ERR124263
336          1        1        ERR069704
337          1        1        ERR129134
338          1        1        ERR129025
339          1        1        ERR065351
340          1        1        ERR069807
341          1        1        ERR129034
342          1        1        ERR124240
343          1        1        ERR069731
344          1        1        ERR069828
345          1        1        ERR069755
346          1        1        ERR129156
347          1        1        ERR067988
348          1        1        ERR069714
349          1        1        ERR068036
350          1        1        ERR129035
351          1        1        ERR069697
352          1        1        ERR065306
353          1        1        ERR065313
354          1        1        ERR129038
355          1        1        ERR124294
356          1        1        ERR067975
357          1        1        ERR129046
358          1        1        ERR129053
359          1        1        ERR124272
360          1        1        ERR065289
361          1        1        ERR124285
362          1        1        ERR129126
363          1        1        ERR124225
364          1        1        ERR065321
365          1        1        ERR068011
366          1        1        ERR124264
367          1        1        ERR069707
368          1        1        ERR129082
369          1        1        ERR069743
370          1        1        ERR067980
371          1        1        ERR069836
372          1        1        ERR068047
373          1        1        ERR065288
374          1        1        ERR124258
375          1        1        ERR124301
376          1        1        ERR129091
377          1        1        ERR129118
378          1        1        ERR065318
379          1        1        ERR068010
380          1        1        ERR065349
381          1        1        ERR068030
382          1        1        ERR069728
383          1        1        ERR067997
384          1        1        ERR065291
385          1        1        ERR069730
386          1        1        ERR129202
387          1        1        ERR124290
388          1        1        ERR129178
389          1        1        ERR065955
390          1        1        ERR124265
391          1        1        ERR129121
392          1        1        ERR067968
393          1        1        ERR069739
394          1        1        ERR069766
395          1        1        ERR069765
396          1        1        ERR129123
397          1        1        ERR129185
398          1        1        ERR069810
399          1        1        ERR129174
400          1        1        ERR124318
401          1        1        ERR129177
402          1        1        ERR065352
403          1        1        ERR129113
404          1        1        ERR069839
405          1        1        ERR129182
406          1        1        ERR069788
407          1        1        ERR067983
408          1        1        ERR069784
409          1        1        ERR065347
410          1        1        ERR065290
411          1        1        ERR065322
412          1        1        ERR129169
413          1        1        ERR068013
414          1        1        ERR124242
415          1        1        ERR129138
416          1        1        ERR065337
417          1        1        ERR124231
418          1        1        ERR129036
419          1        1        ERR124304
420          1        1        ERR065296
421          1        1        ERR065308
422          1        1        ERR065958
423          1        1        ERR124282
424          1        1        ERR129054
425          1        1        ERR069732
426          1        1        ERR129208
427          1        1        ERR124251
428          1        1        ERR065975
429          1        1        ERR129135
430          1        1        ERR069702
431          1        1        ERR129119
432          1        1        ERR124234
433          1        1        ERR124273
434          1        1        ERR068038
435          1        1        ERR068043
436          1        1        ERR065964
437          1        1        ERR129125
438          1        1        ERR069705
439          1        1        ERR065328
440          1        1        ERR129031
441          1        1        ERR129049
442          1        1        ERR129205
443          1        1        ERR069799
444          1        1        ERR067990
445          1        1        ERR069694
446          1        1        ERR129058
447          1        1        ERR068009
448          1        1        ERR124303
449          1        1        ERR065330
450          1        1        ERR129060
451          1        1        ERR124313
452          1        1        ERR069758
453          1        1        ERR069719
454          1        1        ERR124317
455          1        1        ERR129188
456          1        1        ERR124280
457          1        1        ERR069837
458          1        1        ERR124245
459          1        1        ERR129033
460          1        1        ERR069775
461          1        1        ERR068000
462          1        1        ERR069770
463          1        1        ERR069684
464          1        1        ERR124306
465          1        1        ERR129084
466          1        1        ERR069840
467          1        1        ERR129192
468          1        1        ERR069721
469          1        1        ERR129098
470          1        1        ERR069733
471          1        1        ERR129190
472          1        1        ERR069797
473          1        1        ERR069757
474          1        1        ERR065339
475          1        1        ERR069816
476          1        1        ERR124238
477          1        1        ERR069753
478          1        1        ERR129199
479          1        1        ERR068049
480          1        1        ERR069776
481          1        1        ERR069783
482          1        1        ERR129103
483          1        1        ERR069695
484          1        1        ERR067963
485          1        1        ERR129115
486          1        1        ERR068022
487          1        1        ERR067970
488          1        1        ERR069794
489          1        1        ERR124295
490          1        1        ERR067973
491          1        1        ERR067992
492          1        1        ERR065340
493          1        1        ERR069740
494          1        1        ERR129145
495          1        1        ERR124275
496          1        1        ERR065331
497          1        1        ERR067972
498          1        1        ERR124297
499          1        1        ERR068024
500          1        1        ERR065323
501          1        1        ERR124237
502          1        1        ERR067987
503          1        1        ERR129141
504          1        1        ERR065319
505          1        1        ERR065956
506          1        1        ERR129193
507          1        1        ERR129093
508          1        1        ERR069808
509          1        1        ERR129089
510          1        1        ERR129047
511          1        1        ERR129133
512          1        1        ERR065312
513          1        1        ERR065348
514          1        1        ERR129095
515          1        1        ERR124286
516          1        1        ERR129211
517          1        1        ERR129201
518          1        1        ERR068033
519          1        1        ERR124270
520          1        1        ERR124298
521          1        1        ERR129194
522          1        1        ERR129171
523          1        1        ERR129122
524          1        1        ERR129100
525          1        1        ERR129030
