StrainIndex  Lineage  Cluster  Name
1            3        7        ERR069738
2            3        2        ERR065974
3            3        8        ERR129065
4            1        6        ERR129037
5            1        5        ERR069700
6            3        8        ERR124247
7            3        4        ERR124222
8            2        10       ERR065305
9            2        10       ERR069786
10           3        7        ERR129179
11           3        9        ERR129176
12           3        4        ERR069709
13           1        6        ERR067985
14           3        9        ERR129212
15           3        7        ERR068037
16           3        8        ERR069814
17           3        7        ERR124241
18           2        10       ERR069795
19           3        7        ERR124293
20           1        5        ERR069735
21           3        9        ERR069773
22           1        5        ERR067966
23           2        10       ERR129029
24           1        6        ERR129105
25           3        4        ERR124226
26           1        6        ERR129196
27           3        9        ERR069823
28           2        10       ERR124319
29           3        4        ERR068001
30           3        9        ERR129117
31           1        5        ERR069764
32           3        8        ERR068007
33           2        10       ERR068008
34           1        5        ERR067969
35           3        7        ERR069703
36           1        6        ERR129195
37           3        9        ERR065325
38           2        10       ERR124256
39           3        7        ERR129087
40           1        5        ERR069819
41           2        10       ERR129129
42           3        9        ERR065960
43           2        10       ERR069796
44           3        8        ERR065326
45           3        8        ERR069712
46           3        4        ERR124244
47           3        4        ERR129075
48           1        6        ERR069713
49           3        8        ERR069826
50           3        2        ERR065341
51           2        10       ERR069771
52           3        4        ERR069706
53           2        10       ERR065970
54           3        2        ERR129130
55           3        7        ERR129096
56           3        8        ERR129107
57           2        10       ERR069809
58           3        9        ERR065302
59           1        6        ERR129187
60           1        5        ERR124314
61           3        7        ERR069686
62           1        5        ERR069824
63           2        10       ERR068048
64           2        10       ERR065972
65           2        10       ERR129164
66           3        7        ERR069688
67           3        8        ERR069685
68           3        7        ERR124307
69           3        7        ERR067962
70           3        8        ERR124257
71           1        6        ERR129127
72           1        6        ERR065301
73           2        10       ERR124287
74           3        9        ERR068025
75           3        9        ERR067964
76           3        9        ERR069811
77           1        6        ERR069727
78           2        10       ERR129063
79           3        9        ERR065332
80           1        5        ERR129028
81           2        10       ERR065287
82           3        9        ERR129213
83           3        8        ERR129155
84           3        9        ERR129042
85           3        7        ERR129148
86           3        9        ERR129040
87           3        9        ERR069835
88           2        10       ERR129146
89           2        10       ERR129102
90           1        5        ERR069729
91           3        9        ERR129152
92           3        9        ERR069748
93           3        4        ERR069843
94           2        10       ERR124229
95           2        10       ERR129088
96           3        8        ERR069752
97           2        10       ERR065350
98           2        10       ERR129149
99           3        8        ERR129214
100          2        10       ERR069833
101          3        9        ERR124310
102          3        8        ERR068046
103          1        6        ERR129215
104          2        10       ERR129140
105          2        10       ERR069831
106          1        6        ERR068014
107          2        10       ERR124315
108          3        4        ERR124255
109          1        6        ERR065342
110          3        9        ERR124235
111          1        6        ERR129159
112          3        7        ERR129204
113          1        6        ERR129094
114          3        9        ERR069689
115          2        10       ERR069751
116          2        10       ERR068005
117          1        5        ERR069749
118          2        10       ERR067981
119          3        7        ERR067996
120          2        10       ERR129052
121          1        5        ERR069785
122          1        3        ERR069792
123          1        5        ERR124271
124          2        10       ERR069687
125          3        7        ERR124277
126          2        10       ERR124228
127          3        8        ERR129044
128          3        4        ERR065353
129          3        7        ERR129074
130          2        10       ERR069817
131          3        4        ERR065953
132          2        10       ERR129076
133          1        6        ERR129154
134          3        9        ERR069725
135          3        8        ERR068040
136          3        8        ERR129051
137          3        9        ERR129157
138          3        4        ERR124311
139          3        9        ERR069746
140          1        3        ERR068031
141          3        8        ERR067986
142          1        6        ERR124291
143          2        10       ERR129055
144          3        8        ERR069780
145          3        9        ERR065327
146          1        6        ERR069822
147          2        10       ERR129207
148          2        10       ERR124288
149          3        9        ERR129026
150          2        10       ERR124218
151          3        8        ERR068027
152          3        4        ERR069710
153          1        6        ERR065310
154          2        10       ERR129160
155          3        7        ERR065300
156          3        8        ERR069789
157          3        7        ERR065343
158          3        8        ERR069802
159          3        4        ERR129027
160          2        10       ERR129170
161          3        9        ERR129048
162          3        8        ERR065968
163          3        2        ERR065965
164          2        10       ERR068044
165          3        9        ERR129180
166          3        4        ERR068016
167          3        7        ERR065324
168          2        10       ERR129112
169          2        10       ERR129158
170          3        9        ERR069698
171          3        9        ERR069812
172          1        6        ERR124302
173          1        5        ERR129083
174          1        3        ERR065354
175          1        5        ERR069787
176          2        10       ERR068017
177          3        4        ERR129066
178          3        9        ERR129039
179          3        7        ERR065329
180          2        10       ERR124269
181          3        7        ERR129200
182          3        7        ERR067995
183          2        10       ERR068012
184          3        9        ERR124274
185          1        3        ERR067993
186          3        9        ERR069708
187          3        8        ERR129106
188          2        10       ERR069717
189          2        10       ERR067974
190          1        5        ERR069744
191          1        6        ERR129210
192          2        10       ERR129108
193          3        8        ERR129132
194          2        10       ERR069711
195          3        7        ERR068019
196          3        7        ERR129099
197          2        10       ERR129059
198          3        9        ERR065292
199          2        10       ERR067961
200          3        7        ERR069820
201          1        5        ERR129216
202          3        8        ERR129116
203          3        7        ERR124250
204          3        8        ERR069690
205          3        4        ERR065973
206          3        7        ERR065309
207          3        9        ERR124283
208          3        9        ERR065293
209          1        5        ERR069825
210          1        3        ERR069737
211          3        7        ERR124316
212          3        4        ERR065304
213          1        6        ERR129144
214          3        9        ERR124232
215          3        8        ERR068018
216          1        6        ERR124296
217          2        10       ERR067960
218          2        10       ERR068050
219          3        9        ERR068039
220          3        4        ERR068004
221          2        10       ERR129032
222          3        7        ERR124248
223          3        8        ERR068041
224          3        7        ERR129086
225          2        10       ERR065317
226          3        7        ERR069834
227          3        4        ERR069720
228          3        9        ERR129050
229          3        4        ERR129064
230          3        8        ERR069830
231          2        10       ERR069774
232          1        6        ERR129206
233          1        6        ERR069801
234          3        9        ERR124221
235          1        6        ERR129080
236          3        9        ERR068026
237          3        8        ERR129147
238          2        10       ERR069829
239          1        6        ERR129077
240          3        9        ERR067994
241          3        7        ERR069726
242          3        7        ERR065338
243          1        5        ERR129041
244          3        9        ERR065297
245          2        10       ERR129120
246          3        9        ERR129061
247          2        10       ERR124219
248          3        8        ERR065345
249          3        9        ERR124305
250          3        4        ERR069769
251          1        5        ERR065295
252          3        8        ERR069768
253          2        10       ERR129197
254          3        9        ERR065967
255          3        7        ERR124223
256          3        4        ERR069734
257          3        9        ERR129167
258          3        7        ERR129143
259          3        7        ERR124299
260          3        4        ERR129092
261          3        8        ERR129090
262          3        7        ERR068002
263          3        4        ERR068003
264          1        6        ERR124268
265          3        8        ERR129181
266          2        10       ERR069696
267          2        10       ERR129072
268          3        9        ERR065344
269          3        7        ERR129111
270          3        9        ERR068006
271          3        4        ERR068035
272          1        5        ERR069798
273          3        2        ERR124278
274          3        8        ERR069760
275          2        10       ERR067984
276          1        5        ERR069782
277          3        7        ERR124236
278          2        10       ERR068045
279          3        4        ERR065959
280          3        9        ERR129045
281          2        10       ERR069781
282          3        9        ERR069832
283          3        9        ERR065320
284          2        10       ERR124292
285          2        10       ERR129186
286          3        9        ERR124308
287          3        9        ERR129043
288          2        10       ERR069805
289          2        10       ERR124220
290          2        10       ERR069800
291          3        8        ERR068021
292          1        6        ERR067998
293          2        10       ERR124312
294          1        5        ERR065971
295          2        10       ERR129183
296          2        10       ERR068034
297          3        8        ERR065311
298          3        8        ERR068020
299          3        7        ERR069767
300          3        8        ERR067967
301          2        10       ERR069691
302          3        8        ERR129161
303          3        9        ERR069716
304          1        5        ERR124289
305          2        10       ERR129153
306          3        4        ERR129057
307          3        8        ERR067977
308          1        6        ERR129131
309          1        5        ERR069772
310          2        10       ERR124281
311          3        9        ERR069750
312          3        8        ERR069715
313          3        9        ERR124227
314          2        10       ERR069683
315          1        5        ERR069813
316          3        7        ERR124253
317          3        9        ERR069724
318          2        10       ERR065966
319          1        3        ERR069803
320          2        10       ERR124267
321          3        9        ERR124254
322          1        5        ERR129168
323          1        6        ERR124320
324          3        9        ERR065298
325          1        6        ERR069804
326          3        9        ERR065303
327          2        10       ERR065957
328          3        9        ERR068042
329          1        3        ERR069692
330          3        9        ERR124249
331          2        10       ERR069759
332          1        3        ERR069723
333          2        10       ERR067976
334          2        10       ERR065307
335          3        9        ERR065962
336          2        10       ERR069745
337          2        10       ERR129081
338          3        9        ERR129198
339          1        5        ERR069742
340          2        10       ERR069718
341          2        10       ERR124224
342          2        10       ERR069790
343          3        4        ERR069827
344          2        10       ERR129142
345          1        5        ERR124309
346          1        5        ERR069806
347          1        6        ERR129068
348          3        9        ERR067978
349          2        10       ERR069741
350          1        5        ERR129136
351          3        4        ERR129062
352          3        9        ERR129203
353          3        9        ERR068032
354          3        7        ERR065316
355          3        7        ERR124217
356          3        4        ERR067991
357          2        10       ERR124284
358          1        6        ERR129079
359          1        5        ERR069722
360          3        7        ERR124260
361          3        9        ERR069701
362          1        5        ERR129162
363          3        9        ERR129124
364          1        6        ERR124246
365          3        9        ERR065299
366          1        5        ERR129184
367          3        4        ERR124233
368          3        9        ERR124266
369          1        6        ERR069818
370          3        7        ERR068029
371          3        9        ERR124239
372          3        7        ERR124279
373          2        10       ERR129175
374          1        5        ERR065294
375          1        6        ERR129139
376          3        7        ERR069778
377          3        8        ERR068015
378          1        5        ERR129128
379          3        7        ERR129163
380          3        9        ERR068028
381          2        10       ERR065355
382          3        9        ERR068023
383          3        8        ERR069777
384          3        4        ERR069791
385          2        10       ERR124263
386          2        10       ERR069704
387          3        7        ERR129134
388          2        10       ERR129025
389          3        7        ERR065351
390          3        4        ERR069807
391          2        10       ERR129209
392          2        10       ERR069761
393          2        10       ERR129034
394          3        8        ERR129172
395          1        6        ERR124240
396          1        5        ERR065315
397          3        8        ERR065346
398          2        10       ERR069731
399          2        10       ERR069828
400          3        9        ERR069755
401          3        7        ERR129156
402          3        7        ERR067988
403          1        6        ERR069714
404          3        4        ERR068036
405          2        10       ERR129071
406          3        7        ERR129035
407          1        3        ERR069697
408          3        8        ERR065306
409          1        5        ERR069838
410          2        10       ERR065313
411          3        4        ERR129038
412          2        10       ERR124294
413          2        10       ERR124243
414          3        4        ERR067975
415          2        10       ERR129046
416          1        6        ERR129053
417          3        9        ERR124272
418          3        2        ERR065289
419          2        10       ERR124285
420          2        10       ERR129126
421          1        6        ERR129151
422          2        10       ERR124225
423          3        9        ERR065321
424          2        10       ERR068011
425          3        9        ERR124264
426          1        6        ERR069707
427          1        5        ERR124252
428          2        10       ERR129082
429          3        9        ERR069743
430          3        8        ERR067980
431          3        7        ERR069836
432          1        6        ERR068047
433          2        10       ERR065288
434          2        10       ERR124258
435          3        4        ERR065314
436          3        7        ERR124301
437          2        10       ERR129091
438          1        5        ERR067982
439          2        10       ERR124276
440          2        10       ERR129118
441          1        5        ERR065318
442          1        6        ERR068010
443          2        10       ERR129067
444          1        5        ERR065349
445          3        9        ERR068030
446          3        7        ERR069728
447          3        9        ERR067997
448          2        10       ERR065291
449          1        5        ERR069730
450          1        5        ERR069763
451          3        9        ERR124300
452          1        5        ERR129202
453          3        7        ERR124290
454          1        6        ERR129178
455          1        3        ERR069841
456          3        8        ERR065955
457          3        8        ERR124265
458          2        10       ERR129121
459          3        8        ERR067968
460          1        6        ERR069739
461          3        9        ERR069766
462          3        9        ERR069765
463          2        10       ERR129123
464          3        7        ERR067965
465          1        5        ERR065969
466          3        4        ERR069842
467          3        8        ERR129185
468          1        3        ERR069810
469          2        10       ERR129174
470          3        7        ERR124318
471          1        6        ERR129177
472          1        5        ERR065352
473          3        8        ERR129113
474          1        6        ERR069839
475          1        6        ERR129182
476          3        4        ERR069788
477          3        9        ERR067983
478          3        4        ERR069784
479          2        10       ERR065347
480          3        4        ERR065290
481          3        8        ERR065322
482          3        4        ERR069693
483          3        9        ERR129169
484          3        8        ERR068013
485          1        6        ERR124242
486          1        5        ERR129138
487          2        10       ERR065337
488          3        8        ERR129137
489          3        9        ERR124231
490          3        4        ERR129036
491          3        8        ERR124304
492          3        2        ERR065296
493          3        8        ERR065308
494          1        5        ERR065958
495          3        8        ERR124282
496          3        9        ERR067989
497          3        4        ERR129078
498          3        9        ERR129054
499          1        5        ERR069747
500          3        9        ERR069732
501          3        8        ERR129208
502          2        10       ERR124251
503          3        9        ERR129110
504          2        10       ERR065975
505          3        4        ERR129135
506          3        1        ERR069699
507          3        8        ERR069702
508          3        4        ERR069793
509          3        7        ERR129119
510          2        10       ERR124234
511          3        7        ERR124273
512          2        10       ERR068038
513          3        4        ERR068043
514          1        6        ERR065964
515          2        10       ERR129125
516          2        10       ERR069705
517          2        10       ERR065328
518          3        4        ERR129031
519          3        4        ERR129049
520          2        10       ERR129205
521          1        6        ERR069799
522          3        4        ERR067990
523          3        8        ERR069694
524          3        8        ERR129058
525          3        9        ERR068009
526          1        5        ERR124303
527          3        9        ERR065330
528          3        9        ERR129060
529          3        7        ERR129173
530          2        10       ERR124313
531          2        10       ERR069758
532          3        9        ERR069719
533          3        9        ERR124317
534          3        9        ERR129188
535          2        10       ERR124280
536          3        8        ERR069837
537          3        9        ERR129056
538          3        8        ERR124245
539          3        8        ERR069779
540          2        10       ERR129033
541          3        9        ERR069775
542          1        6        ERR068000
543          3        9        ERR069770
544          2        10       ERR069684
545          2        10       ERR124306
546          3        7        ERR129084
547          2        10       ERR129073
548          1        6        ERR069815
549          1        3        ERR069840
550          3        9        ERR129192
551          3        9        ERR069721
552          2        10       ERR069736
553          2        10       ERR129098
554          3        7        ERR069733
555          2        10       ERR129190
556          1        5        ERR069797
557          3        7        ERR069757
558          3        8        ERR065339
559          1        5        ERR069816
560          1        5        ERR124238
561          2        10       ERR069753
562          2        10       ERR129199
563          3        9        ERR068049
564          2        10       ERR069776
565          3        7        ERR129104
566          3        7        ERR069783
567          1        5        ERR129103
568          1        6        ERR069695
569          3        7        ERR067963
570          3        4        ERR129115
571          1        5        ERR068022
572          3        4        ERR124230
573          3        4        ERR069762
574          3        7        ERR067970
575          2        10       ERR069794
576          2        10       ERR124295
577          3        8        ERR067973
578          1        5        ERR069821
579          3        7        ERR067992
580          2        10       ERR065340
581          3        9        ERR069740
582          1        5        ERR065963
583          3        9        ERR129145
584          3        7        ERR124275
585          2        10       ERR065331
586          3        8        ERR067972
587          2        10       ERR124297
588          2        10       ERR068024
589          3        4        ERR067999
590          2        10       ERR065323
591          3        8        ERR124237
592          3        7        ERR067987
593          3        8        ERR129141
594          2        10       ERR065319
595          1        5        ERR065956
596          3        4        ERR129193
597          1        6        ERR129093
598          3        9        ERR069808
599          3        7        ERR129089
600          1        6        ERR129047
601          2        10       ERR129133
602          2        10       ERR065312
603          3        8        ERR065348
604          2        10       ERR067979
605          1        6        ERR129095
606          2        10       ERR124286
607          1        6        ERR129211
608          2        10       ERR129201
609          3        7        ERR068033
610          2        10       ERR124270
611          1        6        ERR124298
612          3        8        ERR129194
613          2        10       ERR129171
614          3        8        ERR129122
615          3        8        ERR129100
616          1        5        ERR129030
