StrainIndex  Lineage  Cluster  Name
1            3        2        ERR069738
2            3        9        ERR065974
3            3        7        ERR129065
4            3        6        ERR129037
5            3        9        ERR069700
6            3        10       ERR124247
7            1        4        ERR124222
8            3        10       ERR065305
9            2        5        ERR069786
10           2        8        ERR129179
11           2        5        ERR129176
12           3        7        ERR069709
13           3        6        ERR067985
14           3        9        ERR129212
15           3        2        ERR068037
16           3        7        ERR069814
17           2        8        ERR124241
18           3        10       ERR069795
19           2        8        ERR124293
20           2        5        ERR069735
21           3        9        ERR069773
22           3        7        ERR067966
23           3        7        ERR129029
24           3        9        ERR129105
25           3        9        ERR124226
26           3        9        ERR129196
27           2        8        ERR069823
28           2        5        ERR124319
29           3        7        ERR068001
30           2        5        ERR129117
31           3        7        ERR069764
32           3        7        ERR068007
33           3        10       ERR068008
34           3        7        ERR067969
35           2        8        ERR069703
36           3        9        ERR129195
37           2        8        ERR065325
38           3        9        ERR124256
39           2        8        ERR129087
40           2        5        ERR069819
41           3        10       ERR129129
42           2        8        ERR065960
43           3        10       ERR069796
44           3        6        ERR065326
45           2        8        ERR069712
46           2        8        ERR124244
47           1        4        ERR129075
48           3        6        ERR069713
49           3        7        ERR069826
50           3        9        ERR065341
51           3        10       ERR069771
52           1        4        ERR069706
53           3        10       ERR065970
54           3        9        ERR129130
55           3        2        ERR129096
56           3        7        ERR129107
57           3        9        ERR069809
58           3        9        ERR065302
59           3        7        ERR129187
60           3        7        ERR124314
61           3        2        ERR069686
62           2        8        ERR069824
63           3        9        ERR068048
64           3        10       ERR065972
65           2        8        ERR129164
66           3        2        ERR069688
67           2        5        ERR069685
68           3        2        ERR124307
69           2        8        ERR067962
70           3        9        ERR124257
71           3        6        ERR129127
72           3        9        ERR065301
73           3        7        ERR124287
74           3        10       ERR068025
75           2        8        ERR067964
76           3        10       ERR069811
77           3        6        ERR069727
78           3        10       ERR129063
79           3        3        ERR065332
80           3        9        ERR129028
81           3        10       ERR065287
82           2        5        ERR129213
83           3        7        ERR129155
84           2        5        ERR129042
85           2        8        ERR129148
86           3        9        ERR129040
87           2        8        ERR069835
88           3        7        ERR129146
89           2        8        ERR129102
90           2        8        ERR069729
91           3        10       ERR129152
92           3        9        ERR069748
93           1        4        ERR069843
94           3        10       ERR124229
95           2        8        ERR129088
96           3        6        ERR069752
97           3        9        ERR065350
98           3        10       ERR129149
99           3        6        ERR129214
100          3        10       ERR069833
101          3        10       ERR124310
102          3        6        ERR068046
103          3        6        ERR129215
104          3        10       ERR129140
105          3        10       ERR069831
106          3        7        ERR068014
107          3        10       ERR124315
108          1        4        ERR124255
109          3        9        ERR065342
110          2        5        ERR124235
111          3        6        ERR129159
112          3        2        ERR129204
113          3        7        ERR129094
114          3        9        ERR069689
115          3        10       ERR069751
116          3        7        ERR068005
117          2        8        ERR069749
118          2        8        ERR067981
119          3        2        ERR067996
120          3        7        ERR129052
121          3        9        ERR069785
122          3        9        ERR069792
123          3        10       ERR124271
124          3        10       ERR069687
125          2        8        ERR124277
126          3        9        ERR124228
127          3        7        ERR129044
128          3        7        ERR065353
129          2        8        ERR129074
130          3        10       ERR069817
131          3        7        ERR065953
132          3        7        ERR129076
133          3        6        ERR129154
134          3        3        ERR069725
135          3        6        ERR068040
136          2        8        ERR129051
137          2        5        ERR129157
138          3        9        ERR124311
139          2        8        ERR069746
140          3        9        ERR068031
141          3        6        ERR067986
142          3        6        ERR124291
143          3        7        ERR129055
144          3        7        ERR069780
145          3        10       ERR065327
146          3        6        ERR069822
147          3        10       ERR129207
148          2        5        ERR124288
149          3        3        ERR129026
150          3        6        ERR124218
151          3        7        ERR068027
152          3        7        ERR069710
153          3        6        ERR065310
154          3        10       ERR129160
155          2        8        ERR065300
156          3        9        ERR069789
157          3        2        ERR065343
158          3        7        ERR069802
159          3        7        ERR129027
160          3        10       ERR129170
161          3        10       ERR129048
162          2        8        ERR065968
163          3        9        ERR065965
164          3        6        ERR068044
165          3        9        ERR129180
166          3        9        ERR068016
167          2        8        ERR065324
168          3        10       ERR129112
169          2        8        ERR129158
170          3        3        ERR069698
171          2        8        ERR069812
172          3        6        ERR124302
173          3        9        ERR129083
174          3        9        ERR065354
175          3        9        ERR069787
176          3        10       ERR068017
177          3        9        ERR129066
178          3        10       ERR129039
179          2        8        ERR065329
180          3        10       ERR124269
181          2        8        ERR129200
182          3        2        ERR067995
183          2        8        ERR068012
184          3        3        ERR124274
185          3        9        ERR067993
186          2        5        ERR069708
187          3        7        ERR129106
188          3        10       ERR069717
189          3        9        ERR067974
190          3        7        ERR069744
191          3        6        ERR129210
192          3        10       ERR129108
193          2        8        ERR129132
194          3        10       ERR069711
195          2        8        ERR068019
196          2        8        ERR129099
197          3        10       ERR129059
198          2        8        ERR065292
199          3        9        ERR067961
200          3        9        ERR069820
201          3        9        ERR129216
202          3        7        ERR129116
203          2        8        ERR124250
204          2        8        ERR069690
205          1        4        ERR065973
206          3        10       ERR065309
207          3        3        ERR124283
208          3        3        ERR065293
209          3        9        ERR069825
210          2        8        ERR069737
211          2        8        ERR124316
212          3        9        ERR065304
213          3        9        ERR129144
214          3        10       ERR124232
215          2        8        ERR068018
216          3        6        ERR124296
217          3        10       ERR067960
218          3        10       ERR068050
219          3        9        ERR068039
220          3        7        ERR068004
221          3        10       ERR129032
222          3        2        ERR124248
223          2        8        ERR068041
224          2        8        ERR129086
225          3        10       ERR065317
226          2        8        ERR069834
227          1        4        ERR069720
228          2        8        ERR129050
229          3        9        ERR129064
230          3        7        ERR069830
231          3        10       ERR069774
232          3        7        ERR129206
233          3        6        ERR069801
234          3        3        ERR124221
235          3        6        ERR129080
236          3        3        ERR068026
237          3        7        ERR129147
238          3        10       ERR069829
239          3        9        ERR129077
240          3        10       ERR067994
241          2        8        ERR069726
242          3        2        ERR065338
243          3        10       ERR129041
244          3        3        ERR065297
245          3        10       ERR129120
246          3        3        ERR129061
247          3        7        ERR124219
248          3        7        ERR065345
249          3        10       ERR124305
250          3        9        ERR069769
251          2        5        ERR065295
252          2        8        ERR069768
253          3        10       ERR129197
254          2        8        ERR065967
255          3        7        ERR124223
256          3        7        ERR069734
257          2        5        ERR129167
258          2        8        ERR129143
259          2        8        ERR124299
260          3        7        ERR129092
261          2        8        ERR129090
262          2        8        ERR068002
263          1        4        ERR068003
264          3        6        ERR124268
265          3        10       ERR129181
266          3        10       ERR069696
267          3        10       ERR129072
268          2        8        ERR065344
269          3        10       ERR129111
270          3        9        ERR068006
271          1        4        ERR068035
272          2        5        ERR069798
273          3        9        ERR124278
274          3        6        ERR069760
275          3        10       ERR067984
276          2        1        ERR069782
277          2        8        ERR124236
278          3        10       ERR068045
279          3        9        ERR065959
280          2        8        ERR129045
281          3        10       ERR069781
282          3        9        ERR069832
283          3        3        ERR065320
284          3        9        ERR124292
285          3        10       ERR129186
286          2        5        ERR124308
287          2        5        ERR129043
288          3        10       ERR069805
289          3        10       ERR124220
290          3        7        ERR069800
291          3        9        ERR068021
292          3        9        ERR067998
293          3        9        ERR124312
294          2        5        ERR065971
295          3        10       ERR129183
296          3        10       ERR068034
297          3        7        ERR065311
298          2        8        ERR068020
299          3        2        ERR069767
300          3        7        ERR067967
301          3        10       ERR069691
302          3        7        ERR129161
303          3        9        ERR069716
304          3        10       ERR124289
305          3        10       ERR129153
306          3        9        ERR129057
307          2        8        ERR067977
308          3        6        ERR129131
309          2        8        ERR069772
310          3        10       ERR124281
311          3        9        ERR069750
312          2        8        ERR069715
313          2        5        ERR124227
314          2        8        ERR069683
315          2        5        ERR069813
316          3        10       ERR124253
317          3        3        ERR069724
318          3        7        ERR065966
319          3        9        ERR069803
320          3        10       ERR124267
321          3        10       ERR124254
322          2        5        ERR129168
323          3        9        ERR124320
324          3        10       ERR065298
325          3        6        ERR069804
326          2        5        ERR065303
327          3        9        ERR065957
328          3        3        ERR068042
329          3        9        ERR069692
330          3        3        ERR124249
331          3        7        ERR069759
332          3        9        ERR069723
333          3        7        ERR067976
334          3        7        ERR065307
335          2        8        ERR065962
336          3        10       ERR069745
337          3        10       ERR129081
338          3        3        ERR129198
339          3        7        ERR069742
340          3        9        ERR069718
341          3        9        ERR124224
342          3        7        ERR069790
343          3        7        ERR069827
344          3        10       ERR129142
345          3        10       ERR124309
346          2        8        ERR069806
347          3        6        ERR129068
348          3        3        ERR067978
349          3        7        ERR069741
350          3        9        ERR129136
351          1        4        ERR129062
352          3        10       ERR129203
353          3        3        ERR068032
354          3        10       ERR065316
355          3        10       ERR124217
356          3        9        ERR067991
357          3        10       ERR124284
358          3        6        ERR129079
359          2        8        ERR069722
360          3        2        ERR124260
361          3        9        ERR069701
362          3        9        ERR129162
363          3        9        ERR129124
364          3        6        ERR124246
365          2        8        ERR065299
366          3        10       ERR129184
367          1        4        ERR124233
368          3        10       ERR124266
369          3        9        ERR069818
370          2        8        ERR068029
371          3        3        ERR124239
372          2        8        ERR124279
373          3        10       ERR129175
374          3        7        ERR065294
375          3        6        ERR129139
376          3        2        ERR069778
377          3        7        ERR068015
378          3        9        ERR129128
379          2        8        ERR129163
380          3        3        ERR068028
381          3        7        ERR065355
382          2        5        ERR068023
383          3        7        ERR069777
384          1        4        ERR069791
385          3        10       ERR124263
386          3        10       ERR069704
387          2        8        ERR129134
388          3        10       ERR129025
389          2        8        ERR065351
390          3        7        ERR069807
391          3        10       ERR129209
392          3        9        ERR069761
393          3        10       ERR129034
394          2        5        ERR129172
395          3        6        ERR124240
396          3        7        ERR065315
397          3        7        ERR065346
398          3        9        ERR069731
399          3        10       ERR069828
400          2        8        ERR069755
401          3        2        ERR129156
402          2        8        ERR067988
403          3        9        ERR069714
404          1        4        ERR068036
405          2        8        ERR129071
406          2        8        ERR129035
407          3        9        ERR069697
408          3        7        ERR065306
409          2        5        ERR069838
410          3        7        ERR065313
411          3        9        ERR129038
412          2        5        ERR124294
413          3        9        ERR124243
414          3        7        ERR067975
415          3        10       ERR129046
416          3        9        ERR129053
417          3        3        ERR124272
418          3        9        ERR065289
419          2        8        ERR124285
420          2        8        ERR129126
421          3        10       ERR129151
422          3        10       ERR124225
423          3        9        ERR065321
424          3        10       ERR068011
425          3        10       ERR124264
426          3        6        ERR069707
427          3        7        ERR124252
428          3        7        ERR129082
429          3        7        ERR069743
430          3        7        ERR067980
431          3        2        ERR069836
432          3        6        ERR068047
433          3        10       ERR065288
434          3        6        ERR124258
435          1        4        ERR065314
436          2        8        ERR124301
437          3        10       ERR129091
438          2        8        ERR067982
439          3        9        ERR124276
440          3        10       ERR129118
441          3        10       ERR065318
442          3        9        ERR068010
443          3        9        ERR129067
444          2        8        ERR065349
445          2        5        ERR068030
446          2        8        ERR069728
447          3        10       ERR067997
448          3        10       ERR065291
449          2        8        ERR069730
450          3        9        ERR069763
451          3        3        ERR124300
452          3        9        ERR129202
453          2        8        ERR124290
454          3        6        ERR129178
455          3        9        ERR069841
456          3        7        ERR065955
457          3        9        ERR129121
458          3        6        ERR067968
459          3        7        ERR069739
460          3        10       ERR069766
461          2        8        ERR069765
462          3        10       ERR129123
463          3        2        ERR067965
464          2        5        ERR065969
465          1        4        ERR069842
466          3        9        ERR129185
467          3        9        ERR069810
468          3        9        ERR129174
469          3        2        ERR124318
470          3        6        ERR129177
471          3        7        ERR065352
472          2        8        ERR129113
473          3        6        ERR069839
474          3        9        ERR129182
475          3        7        ERR069788
476          3        9        ERR067983
477          3        7        ERR069784
478          3        9        ERR065347
479          3        9        ERR065290
480          3        7        ERR065322
481          2        5        ERR069693
482          3        10       ERR129169
483          2        8        ERR068013
484          3        6        ERR124242
485          3        9        ERR129138
486          3        10       ERR065337
487          3        6        ERR129137
488          2        8        ERR124231
489          1        4        ERR129036
490          2        8        ERR124304
491          3        9        ERR065296
492          3        6        ERR065308
493          3        9        ERR065958
494          2        8        ERR124282
495          3        9        ERR067989
496          1        4        ERR129078
497          3        3        ERR129054
498          3        9        ERR069747
499          2        8        ERR069732
500          3        7        ERR129208
501          3        10       ERR124251
502          3        6        ERR129110
503          3        10       ERR065975
504          3        9        ERR129135
505          1        4        ERR069699
506          3        6        ERR069702
507          1        4        ERR069793
508          2        8        ERR129119
509          3        10       ERR124234
510          2        8        ERR124273
511          3        10       ERR068038
512          3        7        ERR068043
513          3        6        ERR065964
514          3        9        ERR129125
515          3        10       ERR069705
516          3        10       ERR065328
517          1        4        ERR129031
518          1        4        ERR129049
519          3        7        ERR129205
520          3        9        ERR069799
521          1        4        ERR067990
522          3        7        ERR069694
523          2        8        ERR129058
524          3        7        ERR068009
525          3        7        ERR124303
526          2        8        ERR065330
527          3        3        ERR129060
528          2        8        ERR129173
529          3        10       ERR124313
530          3        10       ERR069758
531          2        8        ERR069719
532          3        10       ERR124317
533          3        9        ERR129188
534          3        10       ERR124280
535          3        6        ERR069837
536          3        9        ERR129056
537          3        7        ERR124245
538          2        5        ERR069779
539          3        10       ERR129033
540          3        9        ERR069775
541          3        6        ERR068000
542          2        8        ERR069770
543          3        10       ERR069684
544          3        6        ERR124306
545          3        9        ERR129084
546          3        9        ERR129073
547          3        10       ERR069815
548          3        7        ERR069840
549          3        7        ERR129192
550          2        8        ERR069721
551          3        7        ERR069736
552          3        7        ERR129098
553          2        8        ERR069733
554          3        10       ERR129190
555          3        9        ERR069797
556          3        10       ERR069757
557          3        7        ERR065339
558          2        8        ERR069816
559          3        7        ERR124238
560          3        10       ERR069753
561          2        8        ERR129199
562          3        3        ERR068049
563          3        10       ERR069776
564          2        8        ERR129104
565          3        2        ERR069783
566          3        9        ERR129103
567          3        7        ERR069695
568          2        8        ERR067963
569          3        7        ERR129115
570          2        8        ERR068022
571          3        9        ERR124230
572          1        4        ERR069762
573          2        8        ERR067970
574          3        10       ERR069794
575          3        10       ERR124295
576          3        7        ERR067973
577          3        9        ERR069821
578          2        8        ERR067992
579          3        10       ERR065340
580          2        8        ERR069740
581          3        7        ERR065963
582          3        10       ERR129145
583          2        8        ERR124275
584          3        7        ERR065331
585          3        9        ERR067972
586          2        5        ERR124297
587          3        10       ERR068024
588          1        4        ERR067999
589          3        10       ERR065323
590          2        8        ERR124237
591          3        2        ERR067987
592          3        7        ERR129141
593          3        10       ERR065319
594          2        8        ERR065956
595          1        4        ERR129193
596          3        6        ERR129093
597          3        7        ERR069808
598          2        8        ERR129089
599          3        7        ERR129047
600          3        7        ERR129133
601          3        6        ERR065312
602          3        7        ERR065348
603          3        7        ERR067979
604          3        7        ERR129095
605          2        5        ERR124286
606          3        6        ERR129211
607          3        9        ERR129201
608          2        8        ERR068033
609          3        10       ERR124270
610          3        6        ERR124298
611          3        7        ERR129194
612          3        7        ERR129171
613          3        7        ERR129122
614          3        7        ERR129100
615          3        9        ERR129030
