7 RECENT RECOMBINATION EVENTS
Start     End       DonorLineage    RecipientStrain  log(BF)    StrainName
757       766       1               6                1.0        ERR124222
500       540       2               7                2.4        ERR065305
757       766       1               9                1.0        ERR129179
757       766       1               10               0.8        ERR129176
757       766       1               16               1.0        ERR124241
500       540       2               17               2.4        ERR069795
757       766       1               18               1.0        ERR124293
757       766       1               25               0.8        ERR124319
757       766       1               27               0.8        ERR129117
66        165       2               28               0.4        ERR069764
500       540       2               30               2.4        ERR068008
757       766       1               32               1.0        ERR069703
66        165       2               34               0.4        ERR065325
757       766       1               36               1.0        ERR129087
500       540       2               38               2.4        ERR129129
66        165       2               39               0.4        ERR065960
500       540       2               40               2.4        ERR069796
757       766       1               44               1.0        ERR129075
500       540       2               47               2.4        ERR069771
757       766       1               48               1.0        ERR069706
500       540       2               49               2.4        ERR065970
130       154       4               54               1.4        ERR129187
757       766       1               54               0.8        ERR129187
500       540       2               59               2.2        ERR065972
757       766       1               64               1.0        ERR067962
757       766       1               65               1.0        ERR124257
500       540       2               72               2.4        ERR129063
500       540       2               75               2.4        ERR065287
757       766       1               76               0.8        ERR129213
757       766       1               77               0.8        ERR129042
757       766       1               78               1.0        ERR129148
1         407       4               81               2.3        ERR129102
757       766       1               85               1.0        ERR069843
500       540       2               86               2.4        ERR124229
500       540       2               90               2.4        ERR129149
500       540       2               92               2.4        ERR069833
500       540       2               96               2.4        ERR129140
500       540       2               97               2.4        ERR069831
500       540       2               99               2.5        ERR124315
757       766       1               100              1.0        ERR124255
757       766       1               102              0.8        ERR124235
565       590       4               104              5.1        ERR129204
500       540       2               107              2.4        ERR069751
757       766       1               109              1.0        ERR069749
66        165       2               112              0.4        ERR069792
500       540       2               114              2.4        ERR069687
757       766       1               115              1.0        ERR124277
757       766       1               119              1.0        ERR129074
500       540       2               120              2.4        ERR069817
757       766       1               127              0.8        ERR129157
66        165       2               130              0.4        ERR068031
500       540       2               135              2.4        ERR129207
757       766       1               136              0.8        ERR124288
500       540       2               141              2.4        ERR129160
757       766       1               142              1.0        ERR065300
757       766       1               143              1.0        ERR069789
500       540       2               146              2.4        ERR129170
500       540       2               150              2.4        ERR068044
757       766       1               153              1.0        ERR065324
500       540       2               154              2.4        ERR129112
66        165       2               160              0.4        ERR065354
500       540       2               162              2.4        ERR068017
757       766       1               165              1.0        ERR065329
500       540       2               166              2.4        ERR124269
757       766       1               167              1.0        ERR129200
757       766       1               171              0.8        ERR069708
500       540       2               172              2.4        ERR069717
500       540       2               173              2.4        ERR067974
500       540       2               176              2.4        ERR129108
500       540       2               178              2.4        ERR069711
757       766       1               179              1.0        ERR068019
757       766       1               180              1.0        ERR129099
500       540       2               181              2.4        ERR129059
757       766       1               186              1.0        ERR124250
757       766       1               188              1.0        ERR065973
66        165       2               193              0.4        ERR069737
757       766       1               194              1.0        ERR124316
500       540       2               200              2.4        ERR067960
500       540       2               201              2.4        ERR068050
500       540       2               204              2.4        ERR129032
757       766       1               207              1.0        ERR129086
500       540       2               208              2.4        ERR065317
757       766       1               209              1.0        ERR069834
757       766       1               210              1.0        ERR069720
66        165       2               211              0.4        ERR129050
500       540       2               212              2.4        ERR069774
500       540       2               218              2.4        ERR069829
757       766       1               220              1.0        ERR069726
500       540       2               224              2.4        ERR129120
500       540       2               229              2.4        ERR129197
757       766       1               233              0.8        ERR129167
757       766       1               234              1.0        ERR129143
757       766       1               235              1.0        ERR124299
757       766       1               238              1.0        ERR068002
66        165       2               239              0.4        ERR068003
500       540       2               242              2.4        ERR069696
500       540       2               243              2.4        ERR129072
757       766       1               247              1.0        ERR068035
500       540       2               251              2.4        ERR067984
757       766       1               253              1.0        ERR124236
500       540       2               254              2.4        ERR068045
66        165       2               256              0.4        ERR129045
500       540       2               257              2.4        ERR069781
500       540       2               261              2.4        ERR129186
757       766       1               262              0.8        ERR124308
500       540       2               264              2.4        ERR069805
500       540       2               265              2.4        ERR124220
757       766       1               266              1.0        ERR068021
500       540       2               270              2.4        ERR129183
500       540       2               271              2.4        ERR068034
500       540       2               274              2.4        ERR069691
500       540       2               277              2.4        ERR129153
500       540       2               282              2.4        ERR124281
500       540       2               290              2.4        ERR124267
757       766       1               296              0.8        ERR065303
66        165       2               299              0.7        ERR069692
66        165       2               302              0.4        ERR069723
500       540       2               305              2.4        ERR069745
500       540       2               306              2.4        ERR129081
757       766       1               308              1.1        ERR069742
500       540       2               312              2.4        ERR129142
66        165       2               319              0.4        ERR129062
757       766       1               319              1.2        ERR129062
500       540       2               325              2.4        ERR124284
66        165       2               333              0.4        ERR065299
757       766       1               335              1.0        ERR124233
757       766       1               338              1.0        ERR068029
757       766       1               340              1.0        ERR124279
500       540       2               341              2.4        ERR129175
757       766       1               342              1.1        ERR065294
757       766       1               346              1.0        ERR129163
757       766       1               348              0.8        ERR068023
757       766       1               349              0.8        ERR069791
500       540       2               350              2.4        ERR124263
500       540       2               351              2.5        ERR069704
757       766       1               352              1.0        ERR129134
757       766       1               354              1.0        ERR065351
500       540       2               355              2.4        ERR129209
500       540       2               357              2.5        ERR129034
500       540       2               360              2.0        ERR065315
500       540       2               362              2.5        ERR069828
757       766       1               365              1.0        ERR067988
757       766       1               367              1.0        ERR068036
1         407       4               368              2.3        ERR129071
757       766       1               369              1.0        ERR129035
66        165       2               370              0.4        ERR069697
757       766       1               374              0.8        ERR124294
500       540       2               376              2.4        ERR129046
1         145       2               377              7.4        ERR129053
500       540       2               382              2.4        ERR124225
500       540       2               384              2.4        ERR068011
500       540       2               389              2.4        ERR065288
757       766       1               391              1.0        ERR065314
757       766       1               392              1.0        ERR124301
500       540       2               393              2.4        ERR129091
500       540       2               396              2.4        ERR129118
757       766       1               402              1.0        ERR069728
500       540       2               404              2.4        ERR065291
757       766       1               409              1.0        ERR124290
500       540       2               411              2.4        ERR129121
500       540       2               416              2.4        ERR129123
757       766       1               419              0.8        ERR069842
757       766       1               420              1.0        ERR129185
66        165       2               421              0.4        ERR069810
500       540       2               422              2.4        ERR129174
757       766       1               425              1.1        ERR065352
757       766       1               434              0.8        ERR069693
500       540       2               439              2.4        ERR065337
757       766       1               442              1.0        ERR129036
757       766       1               449              1.0        ERR129078
500       540       2               453              2.4        ERR124251
500       540       2               455              2.4        ERR065975
757       766       1               457              1.0        ERR069699
757       766       1               459              0.8        ERR069793
757       766       1               460              1.0        ERR129119
500       540       2               461              2.4        ERR124234
757       766       1               462              1.0        ERR124273
500       540       2               463              2.4        ERR068038
500       540       2               466              2.4        ERR129125
500       540       2               467              2.5        ERR069705
500       540       2               468              2.4        ERR065328
757       766       1               469              1.0        ERR129031
757       766       1               470              1.0        ERR129049
757       766       1               472              1.0        ERR067990
66        165       2               474              0.4        ERR068009
757       766       1               478              1.0        ERR129173
500       540       2               479              2.4        ERR124313
500       540       2               480              2.4        ERR069758
500       540       2               484              2.4        ERR124280
500       540       2               488              2.4        ERR129033
500       540       2               492              2.4        ERR069684
757       766       1               499              1.0        ERR069733
500       540       2               500              2.4        ERR129190
500       540       2               503              2.4        ERR069753
500       540       2               506              2.4        ERR069776
757       766       1               507              1.0        ERR129104
757       766       1               511              1.0        ERR067963
757       766       1               515              1.0        ERR069762
757       766       1               516              1.0        ERR067970
500       540       2               517              2.4        ERR069794
500       540       2               518              2.4        ERR124295
757       766       1               519              1.0        ERR067992
500       540       2               520              2.4        ERR065340
757       766       1               524              1.0        ERR124275
757       766       1               525              1.0        ERR067972
757       766       1               526              0.8        ERR124297
500       540       2               527              2.4        ERR068024
757       766       1               528              1.0        ERR067999
500       540       2               529              2.4        ERR065323
500       540       2               532              2.4        ERR065319
757       766       1               534              1.0        ERR129193
66        165       2               536              0.4        ERR069808
757       766       1               537              1.0        ERR129089
130       154       4               538              1.4        ERR129047
757       766       1               538              0.8        ERR129047
757       766       1               542              0.8        ERR124286
757       766       1               545              1.0        ERR068033
500       540       2               546              2.4        ERR124270
