StrainIndex  Lineage  Cluster  Name
1            3        9        ERR069738
2            1        1        ERR065974
3            3        8        ERR129065
4            3        7        ERR129037
5            3        9        ERR069700
6            3        7        ERR124247
7            3        9        ERR065305
8            3        5        ERR069786
9            3        9        ERR129179
10           3        5        ERR129176
11           3        7        ERR067985
12           3        4        ERR129212
13           3        9        ERR068037
14           3        10       ERR069814
15           3        9        ERR124241
16           3        10       ERR069795
17           3        9        ERR124293
18           3        9        ERR069773
19           3        9        ERR067966
20           3        4        ERR129029
21           3        10       ERR129105
22           3        10       ERR124226
23           3        9        ERR129196
24           3        10       ERR069823
25           3        10       ERR124319
26           3        5        ERR129117
27           3        9        ERR069764
28           3        10       ERR068007
29           3        10       ERR068008
30           3        9        ERR067969
31           3        9        ERR069703
32           3        10       ERR129195
33           3        10       ERR065325
34           2        3        ERR124256
35           3        9        ERR129087
36           3        9        ERR069819
37           3        6        ERR129129
38           3        10       ERR065960
39           3        10       ERR069796
40           3        7        ERR065326
41           3        9        ERR069712
42           3        6        ERR124244
43           3        7        ERR069713
44           3        8        ERR069826
45           1        1        ERR065341
46           3        10       ERR069771
47           3        10       ERR065970
48           1        1        ERR129130
49           3        9        ERR129096
50           3        8        ERR129107
51           2        3        ERR069809
52           3        9        ERR065302
53           3        10       ERR129187
54           3        9        ERR124314
55           3        9        ERR069686
56           3        4        ERR069824
57           2        3        ERR068048
58           3        10       ERR065972
59           3        9        ERR129164
60           3        9        ERR069688
61           3        5        ERR069685
62           3        9        ERR124307
63           3        9        ERR067962
64           3        10       ERR124257
65           3        7        ERR129127
66           3        10       ERR065301
67           3        9        ERR124287
68           3        10       ERR068025
69           3        10       ERR067964
70           3        10       ERR069811
71           3        7        ERR069727
72           3        10       ERR129063
73           3        10       ERR065332
74           2        2        ERR129028
75           3        6        ERR065287
76           3        5        ERR129213
77           3        8        ERR129155
78           3        5        ERR129042
79           3        9        ERR129148
80           3        9        ERR129040
81           3        10       ERR069835
82           3        8        ERR129146
83           3        4        ERR069729
84           3        10       ERR129152
85           3        4        ERR069748
86           3        6        ERR124229
87           3        9        ERR129088
88           3        7        ERR069752
89           2        3        ERR065350
90           3        10       ERR129149
91           3        7        ERR129214
92           3        6        ERR069833
93           3        7        ERR068046
94           3        7        ERR129215
95           3        10       ERR129140
96           3        10       ERR069831
97           2        3        ERR068014
98           3        10       ERR124315
99           3        9        ERR124255
100          3        10       ERR065342
101          3        5        ERR124235
102          3        7        ERR129159
103          3        9        ERR129204
104          2        3        ERR129094
105          3        4        ERR069689
106          3        10       ERR069751
107          3        9        ERR068005
108          3        9        ERR069749
109          3        9        ERR067981
110          3        9        ERR067996
111          3        4        ERR129052
112          3        10       ERR069785
113          2        3        ERR069792
114          3        10       ERR124271
115          3        6        ERR069687
116          3        9        ERR124277
117          2        2        ERR124228
118          3        5        ERR129044
119          3        9        ERR129074
120          3        10       ERR069817
121          3        8        ERR129076
122          3        7        ERR129154
123          3        10       ERR069725
124          3        7        ERR068040
125          3        9        ERR129051
126          3        5        ERR129157
127          2        2        ERR124311
128          3        10       ERR069746
129          2        3        ERR068031
130          3        7        ERR067986
131          3        7        ERR124291
132          3        8        ERR129055
133          3        8        ERR069780
134          3        10       ERR065327
135          3        7        ERR069822
136          3        6        ERR129207
137          3        10       ERR124288
138          3        8        ERR068027
139          3        7        ERR065310
140          3        10       ERR129160
141          3        9        ERR065300
142          3        4        ERR069789
143          3        9        ERR065343
144          3        8        ERR069802
145          3        9        ERR129027
146          3        10       ERR129170
147          3        10       ERR129048
148          3        9        ERR065968
149          1        1        ERR065965
150          3        6        ERR068044
151          3        4        ERR129180
152          3        8        ERR068016
153          3        10       ERR129112
154          3        9        ERR129158
155          3        5        ERR069698
156          3        10       ERR069812
157          3        7        ERR124302
158          2        2        ERR129083
159          2        3        ERR065354
160          3        9        ERR069787
161          3        10       ERR068017
162          3        8        ERR129066
163          3        10       ERR129039
164          3        9        ERR065329
165          3        10       ERR124269
166          3        9        ERR129200
167          3        9        ERR067995
168          3        9        ERR068012
169          3        5        ERR124274
170          3        5        ERR069708
171          3        8        ERR129106
172          3        10       ERR069717
173          3        9        ERR067974
174          3        9        ERR069744
175          3        7        ERR129210
176          3        9        ERR129132
177          3        10       ERR069711
178          3        9        ERR068019
179          3        9        ERR129099
180          3        10       ERR129059
181          3        10       ERR065292
182          2        2        ERR067961
183          3        9        ERR069820
184          2        2        ERR129216
185          3        8        ERR129116
186          3        9        ERR124250
187          3        9        ERR069690
188          3        10       ERR065309
189          3        10       ERR124283
190          3        10       ERR065293
191          3        9        ERR069825
192          2        3        ERR069737
193          3        9        ERR124316
194          3        8        ERR065304
195          3        9        ERR129144
196          3        10       ERR124232
197          3        9        ERR068018
198          3        7        ERR124296
199          3        10       ERR067960
200          3        10       ERR068050
201          3        9        ERR068039
202          3        10       ERR129032
203          3        9        ERR124248
204          3        7        ERR068041
205          3        9        ERR129086
206          3        9        ERR065317
207          3        9        ERR069834
208          3        10       ERR129050
209          3        8        ERR129064
210          3        8        ERR069830
211          3        6        ERR069774
212          2        3        ERR129206
213          3        7        ERR069801
214          3        5        ERR124221
215          3        7        ERR129080
216          3        8        ERR129147
217          3        6        ERR069829
218          3        9        ERR129077
219          3        10       ERR067994
220          3        9        ERR069726
221          3        9        ERR065338
222          3        10       ERR129041
223          3        10       ERR065297
224          3        10       ERR129120
225          3        10       ERR129061
226          3        4        ERR124219
227          3        8        ERR065345
228          3        4        ERR124305
229          3        10       ERR069769
230          3        9        ERR065295
231          3        9        ERR069768
232          3        10       ERR129197
233          3        10       ERR065967
234          3        4        ERR124223
235          3        5        ERR129167
236          3        9        ERR129143
237          3        9        ERR124299
238          3        9        ERR129090
239          3        9        ERR068002
240          3        7        ERR124268
241          3        10       ERR129181
242          3        10       ERR069696
243          3        10       ERR129072
244          3        10       ERR065344
245          3        10       ERR129111
246          3        4        ERR068006
247          3        5        ERR069798
248          1        1        ERR124278
249          3        7        ERR069760
250          3        10       ERR067984
251          3        9        ERR124236
252          3        6        ERR068045
253          3        8        ERR065959
254          3        9        ERR129045
255          3        10       ERR069781
256          3        4        ERR069832
257          3        10       ERR065320
258          2        2        ERR124292
259          3        6        ERR129186
260          3        5        ERR124308
261          3        5        ERR129043
262          3        10       ERR069805
263          3        6        ERR124220
264          3        10       ERR069800
265          3        4        ERR068021
266          3        10       ERR067998
267          2        2        ERR124312
268          3        5        ERR065971
269          3        9        ERR129183
270          3        10       ERR068034
271          3        8        ERR065311
272          3        9        ERR068020
273          3        9        ERR069767
274          3        8        ERR067967
275          3        10       ERR069691
276          3        8        ERR129161
277          3        4        ERR069716
278          3        10       ERR124289
279          3        10       ERR129153
280          3        10       ERR129057
281          3        9        ERR067977
282          3        7        ERR129131
283          3        4        ERR069772
284          3        9        ERR124281
285          3        4        ERR069750
286          3        9        ERR069715
287          3        5        ERR124227
288          3        9        ERR069683
289          3        9        ERR069813
290          3        10       ERR124253
291          3        10       ERR069724
292          3        10       ERR065966
293          1        1        ERR069803
294          3        6        ERR124267
295          3        10       ERR124254
296          3        5        ERR129168
297          3        10       ERR124320
298          3        10       ERR065298
299          3        7        ERR069804
300          3        5        ERR065303
301          3        4        ERR065957
302          3        10       ERR068042
303          2        3        ERR069692
304          3        10       ERR124249
305          3        9        ERR069759
306          2        3        ERR069723
307          3        8        ERR067976
308          3        8        ERR065307
309          3        10       ERR065962
310          3        10       ERR069745
311          3        6        ERR129081
312          3        10       ERR069742
313          2        2        ERR069718
314          2        2        ERR124224
315          3        10       ERR069790
316          3        10       ERR129142
317          3        10       ERR124309
318          3        4        ERR069806
319          3        7        ERR129068
320          3        5        ERR067978
321          3        9        ERR069741
322          2        2        ERR129136
323          3        10       ERR129203
324          3        10       ERR068032
325          3        10       ERR065316
326          3        10       ERR124217
327          3        8        ERR067991
328          3        10       ERR124284
329          3        7        ERR129079
330          3        9        ERR069722
331          3        9        ERR124260
332          3        4        ERR069701
333          3        9        ERR129162
334          3        9        ERR129124
335          3        7        ERR124246
336          3        10       ERR065299
337          3        10       ERR129184
338          3        9        ERR124233
339          3        10       ERR069818
340          3        9        ERR068029
341          3        10       ERR124239
342          3        9        ERR124279
343          3        6        ERR129175
344          3        10       ERR065294
345          3        7        ERR129139
346          3        9        ERR069778
347          3        8        ERR068015
348          3        9        ERR129128
349          3        9        ERR129163
350          3        10       ERR065355
351          3        5        ERR068023
352          3        8        ERR069777
353          3        6        ERR124263
354          3        6        ERR069704
355          3        9        ERR129134
356          3        10       ERR129025
357          3        9        ERR065351
358          3        8        ERR069807
359          3        10       ERR129209
360          3        10       ERR069761
361          3        6        ERR129034
362          3        5        ERR129172
363          3        7        ERR124240
364          3        10       ERR065315
365          3        8        ERR065346
366          2        3        ERR069731
367          3        6        ERR069828
368          3        10       ERR069755
369          3        9        ERR129156
370          3        9        ERR067988
371          3        10       ERR069714
372          3        9        ERR129035
373          2        3        ERR069697
374          3        8        ERR065306
375          3        8        ERR065313
376          3        8        ERR129038
377          3        10       ERR124294
378          2        2        ERR124243
379          3        8        ERR067975
380          3        10       ERR129046
381          3        10       ERR129053
382          3        5        ERR124272
383          1        1        ERR065289
384          3        9        ERR124285
385          3        8        ERR129126
386          3        9        ERR129151
387          3        6        ERR124225
388          3        9        ERR065321
389          3        9        ERR068011
390          3        10       ERR124264
391          3        7        ERR069707
392          3        10       ERR124252
393          3        8        ERR129082
394          3        8        ERR069743
395          3        8        ERR067980
396          3        9        ERR069836
397          3        7        ERR068047
398          3        10       ERR065288
399          3        4        ERR124258
400          3        9        ERR124301
401          3        10       ERR129091
402          3        10       ERR067982
403          2        2        ERR124276
404          3        10       ERR129118
405          3        10       ERR065318
406          3        9        ERR068010
407          2        2        ERR129067
408          3        9        ERR065349
409          3        10       ERR068030
410          3        9        ERR069728
411          3        10       ERR067997
412          3        6        ERR065291
413          3        4        ERR069730
414          3        9        ERR069763
415          3        10       ERR124300
416          2        2        ERR129202
417          3        9        ERR124290
418          3        7        ERR129178
419          1        1        ERR069841
420          3        8        ERR065955
421          3        9        ERR124265
422          3        9        ERR129121
423          3        7        ERR067968
424          3        10       ERR069739
425          3        10       ERR069766
426          3        10       ERR069765
427          3        10       ERR129123
428          3        9        ERR067965
429          3        5        ERR065969
430          3        10       ERR129185
431          2        3        ERR069810
432          3        9        ERR129174
433          3        9        ERR124318
434          3        7        ERR129177
435          3        10       ERR065352
436          3        9        ERR129113
437          3        7        ERR069839
438          3        9        ERR129182
439          3        4        ERR067983
440          2        3        ERR065347
441          3        10       ERR065290
442          3        8        ERR065322
443          3        5        ERR069693
444          3        10       ERR129169
445          3        9        ERR068013
446          3        7        ERR124242
447          2        2        ERR129138
448          3        6        ERR065337
449          3        7        ERR129137
450          3        10       ERR124231
451          3        9        ERR129036
452          3        9        ERR124304
453          1        1        ERR065296
454          3        7        ERR065308
455          3        9        ERR065958
456          3        9        ERR124282
457          3        4        ERR067989
458          3        10       ERR129054
459          3        9        ERR069747
460          3        10       ERR069732
461          3        8        ERR129208
462          3        6        ERR124251
463          3        9        ERR129110
464          3        6        ERR065975
465          3        10       ERR129135
466          3        7        ERR069702
467          3        10       ERR124234
468          3        9        ERR124273
469          3        6        ERR068038
470          3        7        ERR065964
471          3        9        ERR129125
472          3        6        ERR069705
473          3        10       ERR065328
474          3        9        ERR129031
475          3        9        ERR129049
476          3        8        ERR129205
477          3        10       ERR069799
478          3        8        ERR069694
479          3        9        ERR129058
480          3        9        ERR124303
481          3        10       ERR065330
482          3        10       ERR129060
483          3        9        ERR129173
484          3        6        ERR124313
485          3        10       ERR069758
486          3        10       ERR069719
487          3        10       ERR124317
488          3        9        ERR129188
489          3        9        ERR124280
490          3        7        ERR069837
491          3        9        ERR129056
492          3        8        ERR124245
493          3        5        ERR069779
494          3        10       ERR129033
495          3        9        ERR069775
496          3        7        ERR068000
497          3        10       ERR069770
498          3        10       ERR069684
499          3        4        ERR124306
500          3        9        ERR129084
501          2        2        ERR129073
502          3        9        ERR069815
503          3        5        ERR069840
504          3        8        ERR129192
505          3        10       ERR069721
506          3        10       ERR069736
507          3        8        ERR129098
508          3        9        ERR069733
509          3        6        ERR129190
510          3        10       ERR069797
511          3        10       ERR069757
512          3        8        ERR065339
513          3        4        ERR069816
514          3        8        ERR124238
515          3        10       ERR069753
516          3        9        ERR129199
517          3        10       ERR068049
518          3        9        ERR069783
519          2        2        ERR129103
520          3        10       ERR069695
521          3        9        ERR067963
522          3        9        ERR129115
523          3        9        ERR068022
524          3        8        ERR124230
525          3        9        ERR067970
526          3        10       ERR124295
527          3        8        ERR067973
528          3        10       ERR069821
529          3        9        ERR067992
530          3        6        ERR065340
531          3        10       ERR069740
532          3        9        ERR065963
533          3        10       ERR065331
534          3        10       ERR067972
535          3        10       ERR124297
536          3        10       ERR068024
537          3        10       ERR065323
538          3        9        ERR124237
539          3        9        ERR067987
540          3        8        ERR129141
541          3        6        ERR065319
542          3        4        ERR065956
543          3        9        ERR129193
544          3        7        ERR129093
545          3        8        ERR069808
546          3        9        ERR129089
547          3        10       ERR129047
548          3        8        ERR129133
549          3        4        ERR065312
550          3        8        ERR065348
551          3        9        ERR067979
552          2        3        ERR129095
553          3        10       ERR124286
554          3        7        ERR129211
555          2        3        ERR129201
556          3        9        ERR068033
557          3        9        ERR124270
558          3        7        ERR124298
559          3        5        ERR129194
560          3        4        ERR129171
561          3        8        ERR129122
562          3        8        ERR129100
563          2        2        ERR129030
