StrainIndex  Lineage  Cluster  Name
1            2        8        ERR069738
2            2        2        ERR065974
3            2        4        ERR129065
4            2        5        ERR129037
5            2        7        ERR069700
6            2        6        ERR124247
7            2        8        ERR124222
8            2        6        ERR065305
9            2        6        ERR069786
10           2        7        ERR129179
11           2        8        ERR129176
12           2        7        ERR069709
13           2        5        ERR067985
14           2        5        ERR129212
15           2        7        ERR068037
16           2        7        ERR069814
17           2        7        ERR124241
18           2        6        ERR069795
19           2        6        ERR124293
20           2        6        ERR069735
21           2        4        ERR069773
22           2        7        ERR067966
23           2        4        ERR129029
24           2        3        ERR129105
25           2        5        ERR124226
26           2        3        ERR129196
27           2        8        ERR069823
28           2        6        ERR124319
29           2        7        ERR068001
30           2        8        ERR129117
31           2        8        ERR069764
32           2        7        ERR068007
33           2        6        ERR068008
34           2        7        ERR067969
35           2        7        ERR069703
36           2        3        ERR129195
37           2        8        ERR065325
38           2        8        ERR124256
39           2        7        ERR129087
40           2        8        ERR069819
41           2        6        ERR129129
42           2        8        ERR065960
43           2        6        ERR069796
44           2        5        ERR065326
45           2        8        ERR069712
46           2        8        ERR124244
47           2        8        ERR129075
48           2        5        ERR069713
49           2        4        ERR069826
50           2        2        ERR065341
51           2        6        ERR069771
52           2        8        ERR069706
53           2        6        ERR065970
54           2        2        ERR129130
55           2        8        ERR129096
56           2        4        ERR129107
57           2        8        ERR069809
58           2        4        ERR065302
59           2        8        ERR129187
60           2        7        ERR124314
61           2        7        ERR069686
62           2        8        ERR069824
63           2        8        ERR068048
64           2        6        ERR065972
65           2        7        ERR129164
66           2        7        ERR069688
67           2        7        ERR069685
68           2        8        ERR124307
69           2        7        ERR067962
70           2        8        ERR124257
71           2        5        ERR129127
72           2        3        ERR065301
73           2        4        ERR124287
74           2        7        ERR068025
75           2        8        ERR067964
76           2        7        ERR069811
77           2        5        ERR069727
78           2        6        ERR129063
79           2        5        ERR065332
80           2        7        ERR129028
81           2        6        ERR065287
82           2        8        ERR129213
83           2        4        ERR129155
84           2        6        ERR129042
85           2        7        ERR129148
86           2        4        ERR129040
87           2        8        ERR069835
88           2        4        ERR129146
89           2        6        ERR129102
90           2        8        ERR069729
91           2        7        ERR129152
92           2        5        ERR069748
93           2        8        ERR069843
94           2        6        ERR124229
95           2        7        ERR129088
96           2        5        ERR069752
97           2        8        ERR065350
98           2        6        ERR129149
99           2        5        ERR129214
100          2        6        ERR069833
101          2        8        ERR124310
102          2        5        ERR068046
103          2        5        ERR129215
104          2        6        ERR129140
105          2        6        ERR069831
106          2        6        ERR068014
107          2        6        ERR124315
108          2        8        ERR124255
109          2        3        ERR065342
110          2        6        ERR124235
111          2        5        ERR129159
112          2        8        ERR129204
113          2        6        ERR129094
114          2        5        ERR069689
115          2        6        ERR069751
116          2        7        ERR068005
117          2        7        ERR069749
118          2        7        ERR067981
119          2        7        ERR067996
120          2        4        ERR129052
121          2        7        ERR069785
122          2        8        ERR069792
123          2        7        ERR124271
124          2        6        ERR069687
125          2        7        ERR124277
126          2        8        ERR124228
127          2        8        ERR129044
128          2        7        ERR065353
129          2        7        ERR129074
130          2        6        ERR069817
131          2        7        ERR065953
132          2        4        ERR129076
133          2        5        ERR129154
134          2        5        ERR069725
135          2        5        ERR068040
136          2        8        ERR129051
137          2        8        ERR129157
138          2        8        ERR124311
139          2        8        ERR069746
140          2        8        ERR068031
141          2        5        ERR067986
142          2        5        ERR124291
143          2        4        ERR129055
144          2        4        ERR069780
145          2        7        ERR065327
146          2        5        ERR069822
147          2        6        ERR129207
148          2        6        ERR124288
149          2        5        ERR129026
150          2        8        ERR124218
151          2        4        ERR068027
152          2        7        ERR069710
153          2        5        ERR065310
154          2        6        ERR129160
155          2        7        ERR065300
156          2        7        ERR069789
157          2        7        ERR065343
158          2        4        ERR069802
159          2        6        ERR129170
160          2        8        ERR129048
161          2        8        ERR065968
162          2        2        ERR065965
163          2        6        ERR068044
164          2        5        ERR129180
165          2        8        ERR068016
166          2        7        ERR065324
167          2        6        ERR129112
168          2        7        ERR129158
169          2        5        ERR069698
170          2        8        ERR069812
171          2        5        ERR124302
172          2        7        ERR129083
173          2        8        ERR065354
174          2        7        ERR069787
175          2        6        ERR068017
176          2        8        ERR129066
177          2        7        ERR129039
178          2        7        ERR065329
179          2        6        ERR124269
180          2        6        ERR129200
181          2        7        ERR067995
182          2        7        ERR068012
183          2        5        ERR124274
184          2        2        ERR067993
185          2        6        ERR069708
186          2        4        ERR129106
187          2        6        ERR069717
188          2        6        ERR067974
189          2        7        ERR069744
190          2        5        ERR129210
191          2        6        ERR129108
192          2        8        ERR129132
193          2        6        ERR069711
194          2        7        ERR068019
195          2        7        ERR129099
196          2        6        ERR129059
197          2        8        ERR065292
198          2        8        ERR067961
199          2        4        ERR069820
200          2        7        ERR129216
201          2        4        ERR129116
202          2        7        ERR124250
203          2        8        ERR069690
204          2        8        ERR065973
205          2        8        ERR065309
206          2        5        ERR124283
207          2        5        ERR065293
208          2        8        ERR069737
209          2        7        ERR124316
210          2        8        ERR065304
211          2        3        ERR129144
212          2        7        ERR124232
213          2        8        ERR068018
214          2        5        ERR124296
215          2        6        ERR067960
216          2        6        ERR068050
217          2        8        ERR068039
218          2        7        ERR068004
219          2        6        ERR129032
220          2        8        ERR124248
221          2        5        ERR068041
222          2        7        ERR129086
223          2        6        ERR065317
224          2        7        ERR069834
225          2        8        ERR069720
226          2        8        ERR129050
227          2        5        ERR129064
228          2        4        ERR069830
229          2        6        ERR069774
230          2        6        ERR129206
231          2        5        ERR069801
232          2        5        ERR124221
233          2        5        ERR129080
234          2        5        ERR068026
235          2        4        ERR129147
236          2        6        ERR069829
237          2        3        ERR129077
238          2        7        ERR067994
239          2        7        ERR069726
240          2        7        ERR065338
241          2        7        ERR129041
242          2        5        ERR065297
243          2        6        ERR129120
244          2        5        ERR129061
245          2        4        ERR124219
246          2        4        ERR065345
247          2        8        ERR124305
248          2        5        ERR069769
249          2        6        ERR065295
250          2        8        ERR069768
251          2        6        ERR129197
252          2        8        ERR065967
253          2        7        ERR124223
254          2        7        ERR069734
255          2        6        ERR129167
256          2        7        ERR129143
257          2        6        ERR124299
258          2        7        ERR129092
259          2        8        ERR129090
260          2        6        ERR068002
261          2        8        ERR068003
262          2        5        ERR124268
263          2        8        ERR129181
264          2        6        ERR069696
265          2        6        ERR129072
266          2        8        ERR065344
267          2        8        ERR129111
268          2        5        ERR068006
269          2        8        ERR068035
270          2        7        ERR069798
271          2        2        ERR124278
272          2        5        ERR069760
273          2        6        ERR067984
274          2        8        ERR069782
275          2        7        ERR124236
276          2        6        ERR068045
277          2        8        ERR065959
278          2        8        ERR129045
279          2        6        ERR069781
280          2        5        ERR069832
281          2        5        ERR065320
282          2        8        ERR124292
283          2        6        ERR129186
284          2        6        ERR124308
285          2        6        ERR129043
286          2        6        ERR069805
287          2        6        ERR124220
288          2        4        ERR069800
289          2        7        ERR068021
290          2        3        ERR067998
291          2        8        ERR124312
292          2        7        ERR065971
293          2        6        ERR068034
294          2        4        ERR065311
295          2        8        ERR068020
296          2        8        ERR069767
297          2        4        ERR067967
298          2        6        ERR069691
299          2        4        ERR129161
300          2        5        ERR069716
301          2        7        ERR124289
302          2        6        ERR129153
303          2        8        ERR129057
304          2        8        ERR067977
305          2        5        ERR129131
306          2        8        ERR069772
307          2        6        ERR124281
308          2        5        ERR069750
309          2        8        ERR069715
310          2        6        ERR124227
311          2        7        ERR069683
312          2        8        ERR069813
313          2        8        ERR124253
314          2        5        ERR069724
315          2        4        ERR065966
316          2        2        ERR069803
317          2        6        ERR124267
318          2        7        ERR124254
319          2        7        ERR129168
320          2        3        ERR124320
321          2        7        ERR065298
322          2        5        ERR069804
323          2        6        ERR065303
324          2        8        ERR065957
325          2        5        ERR068042
326          2        8        ERR069692
327          2        5        ERR124249
328          2        7        ERR069759
329          2        8        ERR069723
330          2        4        ERR067976
331          2        4        ERR065307
332          2        8        ERR065962
333          2        6        ERR069745
334          2        6        ERR129081
335          2        5        ERR129198
336          2        8        ERR069742
337          2        8        ERR069718
338          2        8        ERR124224
339          2        4        ERR069790
340          2        7        ERR069827
341          2        6        ERR129142
342          2        7        ERR124309
343          2        8        ERR069806
344          2        5        ERR129068
345          2        5        ERR067978
346          2        7        ERR069741
347          2        7        ERR129136
348          2        8        ERR129062
349          1        1        ERR129203
350          2        5        ERR068032
351          2        8        ERR065316
352          2        8        ERR124217
353          2        6        ERR124284
354          2        5        ERR129079
355          2        8        ERR069722
356          2        8        ERR124260
357          2        5        ERR069701
358          2        7        ERR129162
359          2        4        ERR129124
360          2        5        ERR124246
361          2        8        ERR065299
362          2        7        ERR129184
363          2        8        ERR124233
364          2        8        ERR124266
365          2        3        ERR069818
366          2        7        ERR068029
367          2        5        ERR124239
368          2        6        ERR124279
369          2        6        ERR129175
370          2        8        ERR065294
371          2        5        ERR129139
372          2        7        ERR069778
373          2        4        ERR068015
374          2        7        ERR129128
375          2        7        ERR129163
376          2        5        ERR068028
377          2        4        ERR065355
378          2        6        ERR068023
379          2        4        ERR069777
380          2        8        ERR069791
381          2        6        ERR124263
382          2        6        ERR069704
383          2        7        ERR129134
384          2        6        ERR129025
385          2        7        ERR065351
386          2        4        ERR069807
387          2        6        ERR129209
388          2        6        ERR069761
389          2        6        ERR129034
390          2        7        ERR129172
391          2        5        ERR124240
392          2        8        ERR065315
393          2        4        ERR065346
394          2        8        ERR069731
395          2        6        ERR069828
396          2        8        ERR069755
397          2        8        ERR129156
398          2        7        ERR067988
399          2        3        ERR069714
400          2        8        ERR068036
401          2        6        ERR129071
402          2        7        ERR129035
403          2        8        ERR069697
404          2        4        ERR065306
405          2        4        ERR065313
406          2        8        ERR129038
407          2        6        ERR124294
408          2        8        ERR124243
409          2        7        ERR067975
410          2        6        ERR129046
411          2        3        ERR129053
412          2        5        ERR124272
413          2        2        ERR065289
414          2        7        ERR124285
415          2        7        ERR129126
416          2        5        ERR129151
417          2        6        ERR124225
418          2        4        ERR065321
419          2        6        ERR068011
420          2        7        ERR124264
421          2        5        ERR069707
422          2        8        ERR124252
423          2        4        ERR129082
424          2        4        ERR069743
425          2        4        ERR067980
426          2        8        ERR069836
427          2        5        ERR068047
428          2        6        ERR065288
429          2        8        ERR124258
430          2        8        ERR065314
431          2        7        ERR124301
432          2        6        ERR129091
433          2        8        ERR067982
434          2        8        ERR124276
435          2        6        ERR129118
436          2        7        ERR065318
437          2        3        ERR068010
438          2        8        ERR129067
439          2        8        ERR065349
440          2        8        ERR068030
441          2        7        ERR069728
442          2        7        ERR067997
443          2        6        ERR065291
444          2        8        ERR069730
445          2        7        ERR069763
446          2        5        ERR124300
447          2        7        ERR129202
448          2        7        ERR124290
449          2        5        ERR129178
450          2        2        ERR069841
451          2        4        ERR065955
452          2        6        ERR129121
453          2        5        ERR067968
454          2        8        ERR069739
455          2        7        ERR069766
456          2        8        ERR069765
457          2        6        ERR129123
458          2        8        ERR067965
459          2        7        ERR065969
460          2        8        ERR069842
461          2        8        ERR129185
462          2        8        ERR069810
463          2        6        ERR129174
464          2        7        ERR124318
465          2        5        ERR129177
466          2        8        ERR065352
467          2        8        ERR129113
468          2        5        ERR069839
469          2        3        ERR129182
470          2        7        ERR069788
471          2        5        ERR067983
472          2        7        ERR069784
473          2        8        ERR065347
474          2        8        ERR065290
475          2        4        ERR065322
476          2        7        ERR069693
477          2        7        ERR129169
478          2        8        ERR068013
479          2        5        ERR124242
480          2        7        ERR129138
481          2        6        ERR065337
482          2        5        ERR129137
483          2        8        ERR124231
484          2        8        ERR129036
485          2        8        ERR124304
486          2        2        ERR065296
487          2        5        ERR065308
488          2        7        ERR065958
489          2        8        ERR124282
490          2        5        ERR067989
491          2        8        ERR129078
492          2        5        ERR129054
493          2        7        ERR069747
494          2        8        ERR069732
495          2        4        ERR129208
496          2        6        ERR124251
497          2        5        ERR129110
498          2        6        ERR065975
499          2        8        ERR129135
500          2        8        ERR069699
501          2        5        ERR069702
502          2        8        ERR069793
503          2        7        ERR129119
504          2        6        ERR124234
505          2        7        ERR124273
506          2        6        ERR068038
507          2        7        ERR068043
508          2        5        ERR065964
509          2        6        ERR129125
510          2        6        ERR069705
511          2        6        ERR065328
512          2        8        ERR129031
513          2        8        ERR129049
514          2        4        ERR129205
515          2        3        ERR069799
516          2        8        ERR067990
517          2        4        ERR069694
518          2        8        ERR129058
519          2        6        ERR068009
520          2        7        ERR124303
521          2        8        ERR065330
522          2        5        ERR129060
523          2        7        ERR129173
524          2        6        ERR124313
525          2        6        ERR069758
526          2        8        ERR069719
527          2        7        ERR124317
528          2        4        ERR129188
529          2        6        ERR124280
530          2        5        ERR069837
531          2        4        ERR129056
532          2        4        ERR124245
533          2        7        ERR069779
534          2        6        ERR129033
535          2        4        ERR069775
536          2        5        ERR068000
537          2        8        ERR069770
538          2        6        ERR069684
539          2        8        ERR124306
540          2        4        ERR129084
541          2        8        ERR129073
542          2        5        ERR069815
543          2        4        ERR069840
544          2        4        ERR129192
545          2        8        ERR069721
546          2        4        ERR069736
547          2        4        ERR129098
548          2        7        ERR069733
549          2        6        ERR129190
550          2        7        ERR069797
551          2        8        ERR069757
552          2        4        ERR065339
553          2        8        ERR069816
554          2        4        ERR124238
555          2        6        ERR069753
556          2        7        ERR129199
557          2        5        ERR068049
558          2        6        ERR069776
559          2        7        ERR129104
560          2        8        ERR069783
561          2        7        ERR129103
562          2        8        ERR069695
563          2        7        ERR067963
564          2        7        ERR129115
565          2        8        ERR068022
566          2        8        ERR124230
567          2        8        ERR069762
568          2        7        ERR067970
569          2        6        ERR069794
570          2        6        ERR124295
571          2        4        ERR067973
572          2        7        ERR069821
573          2        7        ERR067992
574          2        6        ERR065340
575          2        8        ERR069740
576          2        7        ERR065963
577          2        8        ERR129145
578          2        7        ERR124275
579          2        4        ERR065331
580          2        8        ERR067972
581          2        6        ERR124297
582          2        6        ERR068024
583          2        8        ERR067999
584          2        6        ERR065323
585          2        8        ERR124237
586          2        7        ERR067987
587          2        4        ERR129141
588          2        6        ERR065319
589          2        8        ERR065956
590          2        8        ERR129193
591          2        5        ERR129093
592          2        8        ERR069808
593          2        7        ERR129089
594          2        8        ERR129047
595          2        4        ERR129133
596          2        8        ERR065312
597          2        4        ERR065348
598          2        7        ERR067979
599          2        6        ERR129095
600          2        6        ERR124286
601          2        5        ERR129211
602          2        8        ERR129201
603          2        7        ERR068033
604          2        6        ERR124270
605          2        5        ERR124298
606          2        8        ERR129194
607          2        4        ERR129171
608          2        4        ERR129122
609          2        4        ERR129100
610          2        7        ERR129030
