16 RECENT RECOMBINATION EVENTS
Start     End       DonorLineage    RecipientStrain  log(BF)    StrainName
1012      1126      3               4                10.3       ERR129037
1530      1710      2               4                2.7        ERR129037
1         647       3               5                28.2       ERR124247
1         156       6               8                3.8        ERR069786
834       1339      3               8                0.6        ERR069786
1         156       6               10               3.8        ERR129176
834       1339      3               10               0.6        ERR129176
256       301       6               11               10.0       ERR069709
1012      1126      3               11               10.9       ERR069709
1012      1126      3               12               10.3       ERR067985
1530      1710      2               12               2.7        ERR067985
1         156       6               13               2.3        ERR129212
1012      1126      3               13               8.1        ERR129212
1012      1126      3               15               10.3       ERR069814
1530      1710      2               15               2.7        ERR069814
682       750       3               21               10.0       ERR067966
856       1339      3               21               0.4        ERR067966
1         156       6               26               3.8        ERR124319
834       1339      3               26               0.6        ERR124319
256       301       6               27               10.0       ERR068001
1012      1126      3               27               10.9       ERR068001
1         156       6               28               3.8        ERR129117
834       1339      3               28               0.6        ERR129117
1         156       6               29               2.2        ERR069764
1012      1339      3               29               0.9        ERR069764
1530      1911      2               29               1.4        ERR069764
1012      1126      3               30               10.3       ERR068007
1530      1710      2               30               2.7        ERR068007
682       750       3               32               10.0       ERR067969
856       1339      3               32               0.4        ERR067969
713       737       1               35               5.5        ERR065325
1001      1075      1               35               6.1        ERR065325
1103      1126      1               35               2.9        ERR065325
713       737       1               39               5.5        ERR065960
1001      1075      1               39               6.1        ERR065960
1103      1126      1               39               2.9        ERR065960
1012      1126      3               41               10.3       ERR065326
1530      1710      2               41               2.7        ERR065326
1012      1126      3               43               10.3       ERR069713
1530      1710      2               43               2.7        ERR069713
1012      1126      3               54               11.3       ERR129187
1530      1911      1               54               3.3        ERR129187
682       750       3               55               10.0       ERR124314
856       1339      3               55               0.4        ERR124314
1012      1082      3               60               6.8        ERR129164
1103      1126      3               60               2.2        ERR129164
1530      1911      1               60               3.4        ERR129164
1012      1126      3               64               10.0       ERR124257
1530      1710      2               64               2.5        ERR124257
1012      1126      3               65               10.3       ERR129127
1530      1710      2               65               2.7        ERR129127
1012      1126      3               71               10.3       ERR069727
1530      1710      2               71               2.7        ERR069727
1012      1126      3               74               9.3        ERR129028
1530      1911      1               74               2.2        ERR129028
1         156       6               77               3.8        ERR129042
834       1339      3               77               0.6        ERR129042
1         156       6               85               2.3        ERR069748
1012      1126      3               85               8.1        ERR069748
1012      1082      3               88               6.8        ERR129088
1103      1126      3               88               2.2        ERR129088
1530      1911      1               88               3.4        ERR129088
1012      1126      3               89               10.3       ERR069752
1530      1710      2               89               2.7        ERR069752
470       1529      5               93               7.5        ERR124310
1012      1126      3               94               10.3       ERR068046
1530      1710      2               94               2.7        ERR068046
1012      1126      3               95               10.3       ERR129215
1530      1710      2               95               2.7        ERR129215
1012      1126      3               98               11.3       ERR068014
1530      1911      1               98               3.3        ERR068014
1         156       6               102              3.8        ERR124235
834       1339      3               102              0.6        ERR124235
1012      1126      3               103              10.3       ERR129159
1530      1710      2               103              2.7        ERR129159
1012      1126      3               105              11.3       ERR129094
1530      1911      1               105              3.3        ERR129094
1         156       6               106              2.3        ERR069689
1012      1126      3               106              8.1        ERR069689
256       301       6               108              9.7        ERR068005
1012      1126      3               108              10.5       ERR068005
1012      1082      3               110              6.8        ERR067981
1103      1126      3               110              2.2        ERR067981
1530      1911      1               110              3.4        ERR067981
713       737       1               113              4.4        ERR069785
1001      1075      1               113              4.4        ERR069785
1103      1126      1               113              2.1        ERR069785
713       737       1               114              5.3        ERR069792
1001      1075      1               114              5.8        ERR069792
1103      1126      1               114              2.8        ERR069792
1         156       6               117              4.7        ERR124228
1012      1126      3               117              11.2       ERR124228
256       301       6               118              10.0       ERR065353
1012      1126      3               118              10.9       ERR065353
256       301       6               121              10.0       ERR065953
1012      1126      3               121              10.9       ERR065953
1012      1126      3               123              10.3       ERR129154
1530      1710      2               123              2.7        ERR129154
1012      1126      3               125              10.3       ERR068040
1530      1710      2               125              2.7        ERR068040
1         156       6               126              3.8        ERR129157
834       1339      3               126              0.6        ERR129157
713       737       1               129              5.1        ERR068031
1001      1075      1               129              5.5        ERR068031
1103      1126      1               129              2.6        ERR068031
1012      1126      3               130              10.3       ERR067986
1530      1710      2               130              2.7        ERR067986
1012      1126      3               131              10.3       ERR124291
1530      1710      2               131              2.7        ERR124291
1012      1126      3               135              10.3       ERR069822
1530      1710      2               135              2.7        ERR069822
1         156       6               137              3.8        ERR124288
834       1339      3               137              0.6        ERR124288
1012      1126      3               139              11.7       ERR124218
1530      1911      1               139              3.7        ERR124218
256       301       6               141              10.0       ERR069710
1012      1126      3               141              10.9       ERR069710
1012      1126      3               142              10.3       ERR065310
1530      1710      2               142              2.7        ERR065310
1012      1126      3               145              10.0       ERR069789
1530      1710      2               145              2.5        ERR069789
256       301       6               148              10.0       ERR129027
1012      1126      3               148              10.9       ERR129027
1         156       6               152              2.3        ERR129180
1012      1126      3               152              8.1        ERR129180
1012      1082      3               156              6.8        ERR129158
1103      1126      3               156              2.2        ERR129158
1530      1911      1               156              3.4        ERR129158
1012      1126      3               159              10.3       ERR124302
1530      1710      2               159              2.7        ERR124302
1012      1126      3               160              9.3        ERR129083
1530      1911      1               160              2.2        ERR129083
713       737       1               161              5.1        ERR065354
1001      1075      1               161              5.5        ERR065354
1103      1126      1               161              2.6        ERR065354
682       750       3               162              10.0       ERR069787
856       1339      3               162              0.4        ERR069787
1012      1082      3               170              6.8        ERR068012
1103      1126      3               170              2.2        ERR068012
1530      1911      1               170              3.4        ERR068012
1         156       6               172              3.8        ERR069708
834       1339      3               172              0.6        ERR069708
682       750       3               176              10.0       ERR069744
856       1339      3               176              0.4        ERR069744
1012      1126      3               177              10.3       ERR129210
1530      1710      2               177              2.7        ERR129210
1         156       6               184              4.7        ERR067961
1012      1126      3               184              11.2       ERR067961
1012      1126      3               185              9.3        ERR129216
1530      1911      1               185              2.2        ERR129216
682       750       3               191              10.0       ERR069825
856       1339      3               191              0.4        ERR069825
713       737       1               192              5.3        ERR069737
1001      1075      1               192              5.8        ERR069737
1103      1126      1               192              2.8        ERR069737
1012      1126      3               197              10.3       ERR124296
1530      1710      2               197              2.7        ERR124296
256       301       6               201              10.0       ERR068004
1012      1126      3               201              10.9       ERR068004
713       737       1               208              5.5        ERR129050
1001      1075      1               208              6.1        ERR129050
1103      1126      1               208              2.9        ERR129050
1012      1126      3               211              11.3       ERR129206
1530      1911      1               211              3.3        ERR129206
256       301       6               229              10.0       ERR124223
1012      1126      3               229              10.9       ERR124223
256       301       6               230              10.0       ERR069734
1012      1126      3               230              10.9       ERR069734
1         156       6               231              3.8        ERR129167
834       1339      3               231              0.6        ERR129167
256       301       6               233              10.0       ERR129092
1012      1126      3               233              10.9       ERR129092
1012      1126      3               237              10.3       ERR124268
1530      1710      2               237              2.7        ERR124268
1         156       6               242              2.3        ERR068006
1012      1126      3               242              8.1        ERR068006
1012      1126      3               245              10.3       ERR069760
1530      1710      2               245              2.7        ERR069760
1         647       3               250              28.1       ERR129045
648       771       4               250              18.0       ERR129045
1027      1126      3               250              25.3       ERR129045
1         156       6               252              2.3        ERR069832
1012      1126      3               252              8.1        ERR069832
1         156       6               254              4.7        ERR124292
1012      1126      3               254              11.2       ERR124292
1         156       6               256              3.8        ERR124308
834       1339      3               256              0.6        ERR124308
1012      1126      3               260              10.0       ERR068021
1530      1710      2               260              2.5        ERR068021
1         156       6               262              4.7        ERR124312
1012      1126      3               262              11.2       ERR124312
1         156       6               270              2.3        ERR069716
1012      1126      3               270              8.1        ERR069716
1012      1126      3               274              10.3       ERR129131
1530      1710      2               274              2.7        ERR129131
1         156       6               277              2.3        ERR069750
1012      1126      3               277              8.1        ERR069750
1012      1082      3               278              6.8        ERR069683
1103      1126      3               278              2.2        ERR069683
1530      1911      1               278              3.4        ERR069683
1012      1126      3               286              10.0       ERR069804
1530      1710      2               286              2.5        ERR069804
713       737       1               289              5.1        ERR069692
1001      1075      1               289              5.5        ERR069692
1103      1126      1               289              2.6        ERR069692
256       301       6               291              10.0       ERR069759
1012      1126      3               291              10.9       ERR069759
713       737       1               292              5.1        ERR069723
1001      1075      1               292              5.5        ERR069723
1103      1126      1               292              2.6        ERR069723
1         156       6               300              4.7        ERR069718
1012      1126      3               300              11.2       ERR069718
1         156       6               301              4.7        ERR124224
1012      1126      3               301              11.2       ERR124224
256       301       6               303              10.0       ERR069827
1012      1126      3               303              10.9       ERR069827
1012      1126      3               307              10.3       ERR129068
1530      1710      2               307              2.7        ERR129068
256       301       6               309              10.0       ERR069741
1012      1126      3               309              10.9       ERR069741
1012      1126      3               310              9.3        ERR129136
1530      1911      1               310              2.2        ERR129136
1829      1882      2               313              0.6        ERR067991
1012      1126      3               315              10.3       ERR129079
1530      1710      2               315              2.7        ERR129079
1         156       6               317              2.3        ERR069701
1012      1126      3               317              8.1        ERR069701
935       966       4               318              2.8        ERR129162
713       737       1               320              5.5        ERR065299
1001      1075      1               320              6.1        ERR065299
1103      1126      1               320              2.9        ERR065299
1012      1126      3               328              10.3       ERR129139
1530      1710      2               328              2.7        ERR129139
682       750       3               331              10.0       ERR129128
856       1339      3               331              0.4        ERR129128
1         156       6               334              3.8        ERR068023
834       1339      3               334              0.6        ERR068023
834       1339      3               342              1.3        ERR069807
1012      1126      3               346              10.7       ERR065315
713       737       1               357              5.1        ERR069697
1001      1075      1               357              5.5        ERR069697
1103      1126      1               357              2.6        ERR069697
1829      1882      2               361              1.0        ERR129038
1         156       6               362              3.8        ERR124294
834       1339      3               362              0.6        ERR124294
1         156       6               363              4.7        ERR124243
1012      1126      3               363              11.2       ERR124243
1         647       3               369              28.2       ERR124285
1012      1082      3               370              6.8        ERR129126
1103      1126      3               370              2.2        ERR129126
1530      1911      1               370              3.4        ERR129126
1012      1126      3               371              9.8        ERR129151
1174      1260      6               371              11.3       ERR129151
1530      1911      1               371              1.9        ERR129151
1012      1126      3               376              10.3       ERR069707
1530      1710      2               376              2.7        ERR069707
1012      1126      3               382              11.3       ERR124258
1530      1911      1               382              4.1        ERR124258
1         156       6               387              4.7        ERR124276
1012      1126      3               387              11.2       ERR124276
1         156       6               391              4.7        ERR129067
1012      1126      3               391              11.2       ERR129067
1         156       6               392              4.8        ERR068030
834       1357      3               392              2.7        ERR068030
682       750       3               396              10.0       ERR069763
856       1339      3               396              0.4        ERR069763
1012      1126      3               398              9.3        ERR129202
1530      1911      1               398              2.2        ERR129202
1012      1126      3               400              10.3       ERR129178
1530      1710      2               400              2.7        ERR129178
1012      1126      3               410              10.0       ERR129185
1530      1710      2               410              2.5        ERR129185
713       737       1               411              5.1        ERR069810
1001      1075      1               411              5.5        ERR069810
1103      1126      1               411              2.6        ERR069810
1012      1126      3               415              10.3       ERR069839
1530      1710      2               415              2.7        ERR069839
256       301       6               417              10.0       ERR069788
1012      1126      3               417              10.9       ERR069788
1         156       6               418              2.3        ERR067983
1012      1126      3               418              8.1        ERR067983
256       301       6               419              10.0       ERR069784
1012      1126      3               419              10.9       ERR069784
1         156       6               423              3.8        ERR069693
834       1339      3               423              0.6        ERR069693
1012      1126      3               425              10.3       ERR124242
1530      1710      2               425              2.7        ERR124242
1012      1126      3               426              9.3        ERR129138
1530      1911      1               426              2.2        ERR129138
1012      1126      3               428              10.3       ERR129137
1530      1710      2               428              2.7        ERR129137
1012      1126      3               432              10.3       ERR065308
1530      1710      2               432              2.7        ERR065308
935       966       4               433              2.8        ERR065958
1         156       6               434              2.3        ERR067989
1012      1126      3               434              8.1        ERR067989
682       750       3               437              10.0       ERR069747
856       1339      3               437              0.4        ERR069747
256       301       6               449              10.0       ERR068043
1012      1126      3               449              10.9       ERR068043
1012      1126      3               450              10.3       ERR065964
1530      1710      2               450              2.7        ERR065964
1012      1126      3               459              11.3       ERR068009
1530      1911      1               459              3.3        ERR068009
682       750       3               460              10.0       ERR124303
856       1339      3               460              0.4        ERR124303
1012      1126      3               470              10.3       ERR069837
1530      1710      2               470              2.7        ERR069837
1012      1126      3               475              10.3       ERR068000
1530      1710      2               475              2.7        ERR068000
1012      1126      3               478              11.7       ERR124306
1530      1911      1               478              3.7        ERR124306
1         156       6               479              4.7        ERR129073
1012      1126      3               479              11.2       ERR129073
1012      1126      3               480              9.8        ERR069815
1174      1260      6               480              11.3       ERR069815
1530      1911      1               480              1.9        ERR069815
1         156       6               481              1.7        ERR069840
1012      1126      3               481              7.3        ERR069840
713       737       1               488              4.4        ERR069797
1001      1075      1               488              4.4        ERR069797
1103      1126      1               488              2.1        ERR069797
1012      1082      3               493              6.8        ERR129199
1103      1126      3               493              2.2        ERR129199
1530      1911      1               493              3.4        ERR129199
1012      1126      3               498              9.3        ERR129103
1530      1911      1               498              2.2        ERR129103
256       301       6               501              10.0       ERR129115
1012      1126      3               501              10.9       ERR129115
1829      1882      2               502              0.6        ERR124230
713       737       1               508              4.4        ERR069821
1001      1075      1               508              4.4        ERR069821
1103      1126      1               508              2.1        ERR069821
682       750       3               512              10.0       ERR065963
856       1339      3               512              0.4        ERR065963
1012      1126      3               515              10.0       ERR067972
1530      1710      2               515              2.5        ERR067972
1         156       6               516              3.8        ERR124297
834       1339      3               516              0.6        ERR124297
1012      1126      3               525              10.3       ERR129093
1530      1710      2               525              2.7        ERR129093
713       737       1               526              4.5        ERR069808
1001      1075      1               526              4.6        ERR069808
1103      1126      1               526              2.2        ERR069808
1012      1126      3               528              11.3       ERR129047
1530      1911      1               528              3.3        ERR129047
1012      1126      3               530              11.7       ERR065312
1530      1911      1               530              3.7        ERR065312
256       301       6               532              10.0       ERR067979
1012      1126      3               532              10.9       ERR067979
1012      1126      3               533              11.3       ERR129095
1530      1911      1               533              3.3        ERR129095
1         156       6               534              3.8        ERR124286
834       1339      3               534              0.6        ERR124286
1012      1126      3               535              10.3       ERR129211
1530      1710      2               535              2.7        ERR129211
1012      1126      3               539              10.3       ERR124298
1530      1710      2               539              2.7        ERR124298
1012      1126      3               543              9.3        ERR129030
1530      1911      1               543              2.2        ERR129030
