8 RECENT RECOMBINATION EVENTS
Start     End       DonorLineage    RecipientStrain  log(BF)    StrainName
800       1044      2               2                1.2        ERR065974
1279      1358      1               5                2.5        ERR069700
1085      1129      4               6                4.4        ERR124247
1235      1285      5               6                10.0       ERR124247
1286      1339      4               6                6.7        ERR124247
559       624       3               7                6.4        ERR124222
559       682       1               9                3.4        ERR069786
1279      1358      1               10               2.5        ERR129179
559       682       3               11               1.9        ERR129176
529       624       3               12               2.6        ERR069709
1279      1358      1               17               2.5        ERR124241
1279      1358      1               19               2.5        ERR124293
529       695       3               21               0.6        ERR069773
1279      1358      1               21               3.4        ERR069773
1279      1358      1               22               2.5        ERR067966
559       624       3               24               6.1        ERR129105
559       624       3               26               6.1        ERR129196
1085      1129      4               27               4.4        ERR069823
1235      1285      5               27               10.0       ERR069823
1286      1339      4               27               6.7        ERR069823
1251      1278      5               28               1.9        ERR124319
1279      1376      4               28               14.2       ERR124319
529       624       3               29               2.6        ERR068001
559       682       3               30               1.9        ERR129117
529       624       3               31               2.6        ERR069764
1279      1358      1               34               2.5        ERR067969
1279      1358      1               35               2.5        ERR069703
559       624       3               36               6.1        ERR129195
529       624       3               37               2.3        ERR065325
1279      1358      1               39               2.5        ERR129087
529       624       3               42               2.3        ERR065960
559       624       3               47               6.4        ERR129075
800       1044      2               50               1.2        ERR065341
559       624       3               52               6.4        ERR069706
800       1044      2               54               1.2        ERR129130
529       695       3               58               0.6        ERR065302
1279      1358      1               58               3.4        ERR065302
529       624       3               59               2.3        ERR129187
1279      1358      1               60               2.5        ERR124314
559       682       3               67               1.9        ERR069685
1279      1358      1               69               2.5        ERR067962
559       624       3               72               6.1        ERR065301
559       624       3               74               6.8        ERR068025
1085      1129      4               75               4.4        ERR067964
1235      1285      5               75               10.0       ERR067964
1286      1339      4               75               6.7        ERR067964
559       624       3               76               6.4        ERR069811
559       682       3               82               1.9        ERR129213
559       682       3               84               1.9        ERR129042
1279      1358      1               85               2.5        ERR129148
529       695       3               86               0.6        ERR129040
1279      1358      1               86               3.4        ERR129040
1085      1129      4               87               4.4        ERR069835
1235      1285      5               87               10.0       ERR069835
1286      1339      4               87               6.7        ERR069835
559       624       3               91               6.4        ERR129152
559       624       3               93               6.4        ERR069843
529       624       3               106              2.3        ERR068014
559       624       3               108              6.4        ERR124255
559       624       3               109              6.1        ERR065342
559       682       3               110              1.9        ERR124235
529       624       3               113              2.3        ERR129094
1235      1278      5               116              2.0        ERR068005
1279      1358      1               117              2.5        ERR069749
559       624       3               121              6.8        ERR069785
529       624       3               122              2.3        ERR069792
1279      1358      1               125              2.5        ERR124277
1279      1358      1               127              1.7        ERR129044
529       624       3               128              2.6        ERR065353
1279      1358      1               129              2.5        ERR129074
529       624       3               131              2.6        ERR065953
559       682       3               137              1.9        ERR129157
1085      1129      4               139              4.4        ERR069746
1235      1285      5               139              10.0       ERR069746
1286      1339      4               139              6.7        ERR069746
529       624       3               140              2.3        ERR068031
559       624       3               145              6.4        ERR065327
1251      1278      5               148              1.9        ERR124288
1279      1376      4               148              14.2       ERR124288
529       624       3               152              2.6        ERR069710
1279      1358      1               155              2.5        ERR065300
529       624       3               159              2.6        ERR129027
800       1044      2               163              1.2        ERR065965
1279      1358      1               166              2.5        ERR068016
1279      1358      1               167              2.5        ERR065324
1085      1129      4               171              4.4        ERR069812
1235      1285      5               171              10.0       ERR069812
1286      1339      4               171              6.7        ERR069812
529       624       3               174              2.3        ERR065354
1279      1358      1               175              2.5        ERR069787
1279      1358      1               177              2.5        ERR129066
559       624       3               178              6.4        ERR129039
1279      1358      1               179              2.3        ERR065329
1279      1358      1               181              2.5        ERR129200
559       682       3               186              1.9        ERR069708
1279      1358      1               190              2.5        ERR069744
1279      1358      1               195              2.5        ERR068019
1279      1358      1               196              2.5        ERR129099
1085      1129      4               198              4.4        ERR065292
1235      1285      5               198              10.0       ERR065292
1286      1339      4               198              6.7        ERR065292
559       624       3               200              6.4        ERR069820
559       624       3               205              6.4        ERR065973
1279      1358      1               211              2.5        ERR124316
1279      1358      1               212              2.5        ERR065304
559       624       3               213              6.1        ERR129144
559       624       3               214              6.4        ERR124232
1235      1278      5               219              2.0        ERR068039
529       624       3               220              2.6        ERR068004
1279      1358      1               224              2.5        ERR129086
1279      1358      1               226              2.5        ERR069834
559       624       3               227              6.4        ERR069720
529       624       3               228              2.3        ERR129050
529       624       3               232              2.3        ERR129206
559       624       3               239              6.1        ERR129077
559       624       3               240              6.4        ERR067994
1279      1358      1               241              2.5        ERR069726
1085      1129      4               254              4.4        ERR065967
1235      1285      5               254              10.0       ERR065967
1286      1339      4               254              6.7        ERR065967
1235      1278      5               255              2.0        ERR124223
529       624       3               256              2.6        ERR069734
559       682       3               257              1.9        ERR129167
1279      1358      1               258              2.5        ERR129143
1279      1358      1               259              2.5        ERR124299
529       624       3               260              2.6        ERR129092
1279      1358      1               262              2.5        ERR068002
559       624       3               263              6.4        ERR068003
1279      1339      1               265              0.4        ERR129181
1085      1129      4               268              4.4        ERR065344
1235      1285      5               268              10.0       ERR065344
1286      1339      4               268              6.7        ERR065344
559       624       3               271              6.4        ERR068035
559       682       3               272              1.9        ERR069798
800       1044      2               273              1.2        ERR124278
1279      1358      1               277              2.5        ERR124236
1279      1358      1               279              2.5        ERR065959
559       682       3               286              1.9        ERR124308
1251      1278      5               287              1.4        ERR129043
1279      1376      4               287              12.3       ERR129043
559       624       3               292              6.1        ERR067998
559       682       3               294              1.9        ERR065971
1251      1278      5               313              1.4        ERR124227
1279      1376      4               313              12.3       ERR124227
559       624       3               321              6.8        ERR124254
559       682       3               322              1.9        ERR129168
559       624       3               323              6.1        ERR124320
559       624       3               324              6.8        ERR065298
559       682       3               326              1.9        ERR065303
529       624       3               329              2.3        ERR069692
1235      1278      5               331              2.0        ERR069759
529       624       3               332              2.3        ERR069723
1085      1129      4               335              4.4        ERR065962
1235      1285      5               335              10.0       ERR065962
1286      1339      4               335              6.7        ERR065962
1279      1376      1               339              4.1        ERR069742
529       624       3               343              2.6        ERR069827
1235      1278      5               349              2.0        ERR069741
559       624       3               351              6.4        ERR129062
559       624       3               352              6.4        ERR129203
1279      1358      1               356              2.5        ERR067991
1279      1358      1               359              3.4        ERR069722
559       624       3               362              6.8        ERR129162
529       695       3               363              0.6        ERR129124
1279      1358      1               363              3.4        ERR129124
529       624       3               365              2.3        ERR065299
559       624       3               367              6.4        ERR124233
559       624       3               369              6.1        ERR069818
1279      1358      1               370              2.5        ERR068029
1279      1358      1               372              2.5        ERR124279
1279      1376      1               374              4.1        ERR065294
1279      1358      1               378              2.5        ERR129128
1279      1358      1               379              2.5        ERR129163
559       682       3               382              1.9        ERR068023
559       624       3               384              6.4        ERR069791
1279      1358      1               387              2.5        ERR129134
1279      1358      1               389              2.5        ERR065351
559       682       3               394              1.9        ERR129172
1085      1129      4               400              4.4        ERR069755
1235      1285      5               400              10.0       ERR069755
1286      1339      4               400              6.7        ERR069755
1279      1358      1               402              2.5        ERR067988
559       624       3               403              6.1        ERR069714
559       624       3               404              6.4        ERR068036
1279      1358      1               406              2.5        ERR129035
529       624       3               407              2.3        ERR069697
1279      1358      1               411              2.5        ERR129038
1251      1278      5               412              1.9        ERR124294
1279      1376      4               412              14.2       ERR124294
1279      1358      1               414              2.5        ERR067975
800       1044      2               418              1.2        ERR065289
1279      1376      1               421              5.3        ERR129151
529       695       3               423              0.6        ERR065321
1279      1358      1               423              3.4        ERR065321
559       624       3               425              6.8        ERR124264
559       624       3               435              6.4        ERR065314
1279      1358      1               436              2.5        ERR124301
559       624       3               442              6.1        ERR068010
1279      1358      1               444              3.4        ERR065349
1279      1358      1               446              2.5        ERR069728
559       624       3               447              6.8        ERR067997
1279      1358      1               450              2.5        ERR069763
1279      1358      1               453              2.5        ERR124290
559       624       3               461              6.4        ERR069766
1085      1129      4               462              4.4        ERR069765
1235      1285      5               462              10.0       ERR069765
1286      1339      4               462              6.7        ERR069765
559       682       3               465              1.9        ERR065969
559       624       3               466              6.4        ERR069842
529       624       3               468              2.3        ERR069810
1279      1376      1               472              4.1        ERR065352
559       624       3               475              6.1        ERR129182
529       624       3               476              2.6        ERR069788
529       624       3               478              2.6        ERR069784
559       682       3               482              1.9        ERR069693
559       624       3               483              6.4        ERR129169
1085      1129      4               489              4.4        ERR124231
1235      1285      5               489              10.0       ERR124231
1286      1339      4               489              6.7        ERR124231
559       624       3               490              6.4        ERR129036
800       1044      2               492              1.2        ERR065296
559       624       3               494              6.8        ERR065958
559       624       3               497              6.4        ERR129078
1279      1358      1               499              2.5        ERR069747
1279      1358      1               500              3.4        ERR069732
559       624       3               506              6.4        ERR069699
559       624       3               508              6.4        ERR069793
1279      1358      1               509              2.5        ERR129119
1279      1358      1               511              2.5        ERR124273
529       624       3               513              2.6        ERR068043
559       624       3               518              6.4        ERR129031
559       624       3               519              6.4        ERR129049
559       624       3               521              6.1        ERR069799
559       624       3               522              6.4        ERR067990
529       624       3               525              2.1        ERR068009
1279      1358      1               526              2.5        ERR124303
1085      1129      4               527              4.4        ERR065330
1235      1285      5               527              10.0       ERR065330
1286      1339      4               527              6.7        ERR065330
1279      1358      1               529              2.5        ERR129173
1085      1129      4               532              4.4        ERR069719
1235      1285      5               532              10.0       ERR069719
1286      1339      4               532              6.7        ERR069719
559       624       3               533              6.1        ERR124317
529       695       3               534              0.6        ERR129188
1279      1358      1               534              3.4        ERR129188
529       682       3               537              1.1        ERR129056
1279      1358      1               537              3.5        ERR129056
559       682       3               539              1.9        ERR069779
529       682       3               541              1.1        ERR069775
1279      1358      1               541              3.5        ERR069775
1085      1129      4               543              4.4        ERR069770
1235      1285      5               543              10.0       ERR069770
1286      1339      4               543              6.7        ERR069770
1279      1376      1               548              5.3        ERR069815
559       624       3               549              6.4        ERR069840
1085      1129      4               551              4.4        ERR069721
1235      1285      5               551              10.0       ERR069721
1286      1339      4               551              6.7        ERR069721
1279      1358      1               554              2.5        ERR069733
559       624       3               556              6.8        ERR069797
1279      1358      1               565              2.5        ERR129104
1279      1358      1               569              2.5        ERR067963
529       624       3               570              2.6        ERR129115
1279      1358      1               571              3.4        ERR068022
1279      1358      1               572              2.5        ERR124230
559       624       3               573              6.4        ERR069762
1279      1358      1               574              2.5        ERR067970
559       624       3               578              6.8        ERR069821
1279      1358      1               579              2.5        ERR067992
1085      1129      4               581              4.4        ERR069740
1235      1285      5               581              10.0       ERR069740
1286      1339      4               581              6.7        ERR069740
1279      1358      1               582              2.5        ERR065963
1279      1358      1               584              2.5        ERR124275
1251      1278      5               587              1.9        ERR124297
1279      1376      4               587              14.2       ERR124297
559       624       3               589              6.4        ERR067999
559       624       3               596              6.4        ERR129193
529       624       3               598              2.3        ERR069808
1279      1358      1               599              2.5        ERR129089
529       624       3               600              2.3        ERR129047
1235      1278      5               604              2.0        ERR067979
529       624       3               605              2.3        ERR129095
1251      1278      5               606              1.9        ERR124286
1279      1376      4               606              14.2       ERR124286
1279      1358      1               609              2.5        ERR068033
1279      1358      1               612              1.7        ERR129194
