StrainIndex  Lineage  Cluster  Name
1            4        7        ERR065974
2            5        8        ERR129037
3            4        5        ERR069700
4            4        7        ERR069786
5            4        5        ERR129176
6            3        6        ERR069709
7            5        8        ERR067985
8            1        3        ERR129212
9            4        5        ERR069814
10           4        5        ERR067966
11           4        7        ERR129105
12           4        7        ERR129196
13           4        1        ERR124319
14           3        6        ERR068001
15           4        5        ERR129117
16           2        4        ERR069764
17           4        5        ERR068007
18           4        5        ERR067969
19           4        7        ERR129195
20           2        4        ERR065325
21           2        4        ERR124256
22           4        7        ERR069819
23           2        4        ERR065960
24           5        8        ERR065326
25           5        8        ERR069713
26           4        7        ERR065341
27           5        8        ERR069706
28           4        7        ERR129130
29           2        4        ERR069809
30           2        4        ERR129187
31           4        5        ERR124314
32           5        8        ERR069824
33           2        4        ERR068048
34           3        2        ERR069685
35           5        8        ERR124257
36           5        8        ERR129127
37           4        7        ERR065301
38           4        5        ERR068025
39           4        5        ERR069811
40           5        8        ERR069727
41           3        6        ERR065332
42           3        6        ERR129028
43           4        5        ERR129213
44           2        4        ERR129102
45           5        8        ERR069729
46           4        5        ERR129152
47           1        3        ERR069748
48           5        8        ERR069752
49           2        4        ERR065350
50           5        8        ERR129214
51           5        8        ERR068046
52           5        8        ERR129215
53           2        4        ERR068014
54           4        7        ERR065342
55           5        8        ERR129159
56           1        3        ERR129204
57           2        4        ERR129094
58           1        3        ERR069689
59           4        7        ERR068005
60           3        6        ERR069792
61           4        7        ERR124271
62           5        8        ERR124228
63           4        7        ERR065353
64           3        6        ERR065953
65           5        8        ERR129154
66           3        6        ERR069725
67           5        8        ERR068040
68           4        5        ERR129157
69           5        8        ERR124311
70           3        6        ERR068031
71           5        8        ERR067986
72           5        8        ERR124291
73           4        7        ERR129055
74           4        5        ERR065327
75           5        8        ERR069822
76           4        1        ERR124288
77           3        6        ERR129026
78           4        7        ERR124218
79           3        6        ERR069710
80           5        8        ERR065310
81           5        8        ERR069789
82           4        7        ERR129027
83           4        7        ERR065965
84           1        3        ERR129180
85           3        6        ERR069698
86           5        8        ERR124302
87           3        6        ERR129083
88           3        6        ERR065354
89           4        5        ERR069787
90           4        5        ERR129039
91           3        6        ERR124274
92           4        5        ERR069744
93           5        8        ERR129210
94           5        8        ERR067961
95           3        6        ERR129216
96           3        6        ERR124283
97           3        6        ERR065293
98           4        5        ERR069825
99           2        4        ERR069737
100          4        7        ERR129144
101          4        5        ERR124232
102          5        8        ERR124296
103          4        7        ERR068004
104          2        4        ERR129050
105          2        4        ERR129206
106          5        8        ERR069801
107          3        6        ERR124221
108          5        8        ERR129080
109          3        6        ERR068026
110          4        5        ERR067994
111          4        7        ERR129041
112          3        6        ERR065297
113          3        6        ERR129061
114          5        8        ERR065295
115          4        7        ERR124223
116          3        6        ERR069734
117          3        6        ERR129092
118          5        8        ERR068003
119          5        8        ERR124268
120          3        2        ERR129181
121          1        3        ERR068006
122          3        2        ERR069798
123          4        7        ERR124278
124          5        8        ERR069760
125          5        8        ERR069782
126          2        4        ERR129045
127          1        3        ERR069832
128          3        6        ERR065320
129          5        8        ERR124292
130          5        8        ERR068021
131          4        7        ERR067998
132          5        8        ERR124312
133          3        2        ERR065971
134          1        3        ERR069716
135          4        7        ERR124289
136          5        8        ERR129057
137          5        8        ERR129131
138          5        8        ERR069772
139          1        3        ERR069750
140          3        6        ERR069724
141          4        5        ERR124254
142          3        2        ERR129168
143          4        7        ERR124320
144          4        5        ERR065298
145          5        8        ERR069804
146          4        7        ERR065957
147          3        6        ERR068042
148          3        6        ERR069692
149          3        6        ERR124249
150          4        7        ERR069759
151          3        6        ERR069723
152          3        6        ERR129198
153          5        8        ERR069742
154          5        8        ERR069718
155          5        8        ERR124224
156          3        6        ERR069827
157          4        7        ERR124309
158          5        8        ERR069806
159          5        8        ERR129068
160          3        6        ERR067978
161          4        7        ERR069741
162          3        6        ERR129136
163          4        5        ERR129203
164          3        6        ERR068032
165          5        8        ERR129079
166          4        7        ERR069722
167          1        3        ERR069701
168          5        8        ERR124246
169          2        4        ERR065299
170          4        7        ERR129184
171          4        7        ERR069818
172          3        6        ERR124239
173          5        8        ERR065294
174          5        8        ERR129139
175          4        5        ERR129128
176          3        6        ERR068028
177          5        8        ERR069791
178          3        2        ERR129172
179          5        8        ERR124240
180          3        6        ERR065315
181          2        4        ERR069731
182          4        7        ERR069714
183          2        4        ERR129071
184          3        6        ERR069697
185          5        8        ERR069838
186          4        1        ERR124294
187          5        8        ERR124243
188          4        7        ERR067975
189          4        7        ERR129053
190          3        6        ERR124272
191          4        7        ERR065289
192          4        5        ERR124264
193          5        8        ERR069707
194          4        7        ERR129082
195          5        8        ERR068047
196          4        7        ERR124258
197          5        8        ERR065314
198          5        8        ERR124276
199          4        7        ERR065318
200          4        7        ERR068010
201          5        8        ERR129067
202          4        7        ERR065349
203          1        3        ERR068030
204          4        5        ERR067997
205          5        8        ERR069730
206          4        5        ERR069763
207          3        6        ERR124300
208          3        6        ERR129202
209          5        8        ERR129178
210          5        8        ERR067968
211          3        6        ERR069739
212          5        8        ERR069766
213          3        2        ERR065969
214          5        8        ERR069842
215          5        8        ERR129185
216          3        6        ERR069810
217          5        8        ERR129177
218          5        8        ERR065352
219          5        8        ERR069839
220          4        7        ERR129182
221          3        6        ERR069788
222          1        3        ERR067983
223          4        7        ERR069784
224          2        4        ERR065347
225          5        8        ERR065290
226          4        5        ERR129169
227          5        8        ERR124242
228          3        6        ERR129138
229          5        8        ERR129137
230          4        7        ERR065296
231          5        8        ERR065308
232          1        3        ERR067989
233          5        8        ERR129078
234          3        6        ERR129054
235          4        5        ERR069747
236          5        8        ERR129135
237          5        8        ERR069699
238          5        8        ERR069702
239          5        8        ERR069793
240          3        6        ERR068043
241          5        8        ERR065964
242          4        7        ERR069799
243          4        7        ERR068009
244          4        5        ERR124303
245          3        6        ERR129060
246          4        5        ERR124317
247          5        8        ERR069837
248          3        2        ERR069779
249          5        8        ERR068000
250          4        7        ERR124306
251          5        8        ERR129073
252          4        7        ERR069840
253          5        8        ERR069816
254          3        6        ERR068049
255          3        6        ERR129103
256          3        6        ERR069695
257          4        7        ERR129115
258          4        7        ERR068022
259          5        8        ERR069762
260          4        5        ERR065963
261          5        8        ERR067972
262          4        1        ERR124297
263          5        8        ERR067999
264          5        8        ERR065956
265          5        8        ERR129093
266          4        7        ERR069808
267          2        4        ERR129047
268          4        7        ERR065312
269          4        7        ERR067979
270          2        4        ERR129095
271          4        1        ERR124286
272          5        8        ERR129211
273          2        4        ERR129201
274          5        8        ERR124298
275          3        6        ERR129030
