StrainIndex  Lineage  Cluster  Name
1            3        9        ERR069738
2            2        1        ERR065974
3            3        9        ERR129065
4            3        8        ERR129037
5            2        5        ERR069700
6            3        9        ERR124247
7            3        9        ERR124222
8            3        9        ERR065305
9            3        9        ERR069786
10           3        9        ERR129179
11           3        9        ERR129176
12           3        9        ERR069709
13           3        8        ERR067985
14           3        9        ERR129212
15           3        9        ERR068037
16           3        7        ERR069814
17           3        9        ERR124241
18           3        9        ERR069795
19           3        9        ERR124293
20           3        9        ERR069735
21           3        9        ERR069773
22           2        5        ERR067966
23           3        9        ERR129029
24           3        8        ERR129105
25           2        2        ERR124226
26           3        8        ERR129196
27           3        9        ERR069823
28           3        9        ERR124319
29           3        9        ERR068001
30           3        9        ERR129117
31           3        7        ERR069764
32           3        7        ERR068007
33           3        9        ERR068008
34           2        5        ERR067969
35           3        9        ERR069703
36           3        8        ERR129195
37           3        7        ERR065325
38           3        9        ERR124256
39           3        9        ERR129087
40           3        9        ERR069819
41           3        9        ERR129129
42           3        7        ERR065960
43           3        9        ERR069796
44           3        8        ERR065326
45           3        6        ERR069712
46           3        9        ERR124244
47           3        9        ERR129075
48           3        8        ERR069713
49           3        9        ERR069826
50           2        1        ERR065341
51           3        9        ERR069771
52           3        9        ERR069706
53           3        9        ERR065970
54           2        1        ERR129130
55           3        9        ERR129096
56           2        2        ERR129107
57           3        9        ERR069809
58           3        9        ERR065302
59           2        3        ERR129187
60           2        5        ERR124314
61           3        9        ERR069686
62           3        9        ERR069824
63           3        9        ERR068048
64           3        9        ERR065972
65           3        9        ERR129164
66           3        9        ERR069688
67           3        8        ERR069685
68           3        9        ERR124307
69           3        9        ERR067962
70           3        9        ERR124257
71           3        8        ERR129127
72           3        8        ERR065301
73           3        9        ERR124287
74           3        9        ERR068025
75           3        9        ERR067964
76           3        9        ERR069811
77           3        8        ERR069727
78           3        9        ERR129063
79           3        9        ERR065332
80           3        9        ERR129028
81           3        9        ERR065287
82           3        9        ERR129213
83           3        9        ERR129155
84           3        9        ERR129042
85           3        9        ERR129148
86           3        9        ERR129040
87           3        9        ERR069835
88           3        9        ERR129146
89           3        9        ERR129102
90           3        9        ERR069729
91           3        9        ERR129152
92           3        9        ERR069748
93           3        9        ERR069843
94           3        9        ERR124229
95           3        9        ERR129088
96           3        8        ERR069752
97           3        9        ERR065350
98           3        9        ERR129149
99           3        8        ERR129214
100          3        9        ERR069833
101          3        7        ERR124310
102          3        8        ERR068046
103          3        8        ERR129215
104          3        9        ERR129140
105          3        9        ERR069831
106          2        3        ERR068014
107          3        9        ERR124315
108          3        9        ERR124255
109          3        8        ERR065342
110          3        9        ERR124235
111          3        8        ERR129159
112          3        9        ERR129204
113          2        3        ERR129094
114          3        9        ERR069689
115          3        9        ERR069751
116          3        9        ERR068005
117          3        9        ERR069749
118          3        9        ERR067981
119          3        9        ERR067996
120          3        9        ERR129052
121          3        8        ERR069785
122          3        9        ERR069792
123          3        9        ERR124271
124          3        9        ERR069687
125          3        9        ERR124277
126          1        4        ERR124228
127          2        3        ERR129044
128          3        7        ERR065353
129          3        9        ERR129074
130          3        9        ERR069817
131          3        9        ERR065953
132          3        9        ERR129076
133          3        8        ERR129154
134          3        9        ERR069725
135          3        8        ERR068040
136          3        6        ERR129051
137          3        9        ERR129157
138          3        9        ERR124311
139          3        9        ERR069746
140          3        9        ERR068031
141          3        8        ERR067986
142          3        8        ERR124291
143          3        9        ERR129055
144          3        9        ERR069780
145          3        9        ERR065327
146          3        8        ERR069822
147          3        9        ERR129207
148          3        9        ERR124288
149          3        9        ERR129026
150          3        9        ERR124218
151          3        9        ERR068027
152          3        9        ERR069710
153          3        8        ERR065310
154          3        9        ERR129160
155          3        9        ERR065300
156          3        7        ERR069789
157          3        9        ERR065343
158          3        9        ERR069802
159          3        7        ERR129027
160          3        9        ERR129170
161          3        7        ERR129048
162          3        6        ERR065968
163          2        1        ERR065965
164          3        9        ERR068044
165          3        9        ERR129180
166          3        9        ERR068016
167          3        9        ERR065324
168          3        9        ERR129112
169          3        9        ERR129158
170          3        9        ERR069698
171          3        9        ERR069812
172          3        8        ERR124302
173          3        9        ERR129083
174          3        9        ERR065354
175          2        5        ERR069787
176          3        9        ERR068017
177          3        9        ERR129066
178          3        9        ERR129039
179          3        9        ERR065329
180          3        9        ERR124269
181          3        9        ERR129200
182          3        9        ERR067995
183          3        9        ERR068012
184          3        9        ERR124274
185          3        7        ERR067993
186          3        9        ERR069708
187          3        9        ERR129106
188          3        9        ERR069717
189          3        9        ERR067974
190          2        5        ERR069744
191          3        8        ERR129210
192          3        9        ERR129108
193          3        6        ERR129132
194          3        9        ERR069711
195          3        9        ERR068019
196          3        9        ERR129099
197          3        9        ERR129059
198          3        9        ERR065292
199          1        4        ERR067961
200          3        9        ERR069820
201          3        9        ERR129216
202          3        9        ERR129116
203          3        9        ERR124250
204          3        6        ERR069690
205          3        9        ERR065973
206          3        7        ERR065309
207          3        9        ERR124283
208          3        9        ERR065293
209          3        9        ERR069825
210          3        9        ERR069737
211          3        9        ERR124316
212          3        9        ERR065304
213          3        8        ERR129144
214          3        9        ERR124232
215          3        6        ERR068018
216          3        8        ERR124296
217          3        9        ERR067960
218          3        9        ERR068050
219          3        9        ERR068039
220          3        7        ERR068004
221          3        9        ERR129032
222          3        9        ERR124248
223          3        8        ERR068041
224          3        9        ERR129086
225          3        9        ERR065317
226          3        9        ERR069834
227          3        9        ERR069720
228          3        7        ERR129050
229          3        9        ERR129064
230          3        9        ERR069830
231          3        9        ERR069774
232          2        3        ERR129206
233          3        8        ERR069801
234          3        9        ERR124221
235          3        8        ERR129080
236          2        2        ERR068026
237          3        9        ERR129147
238          3        9        ERR069829
239          3        8        ERR129077
240          3        9        ERR067994
241          3        9        ERR069726
242          3        9        ERR065338
243          3        9        ERR129041
244          3        9        ERR065297
245          3        9        ERR129120
246          3        9        ERR129061
247          3        9        ERR124219
248          3        9        ERR065345
249          3        7        ERR124305
250          2        2        ERR069769
251          3        9        ERR065295
252          3        6        ERR069768
253          3        9        ERR129197
254          3        9        ERR065967
255          3        7        ERR124223
256          3        9        ERR069734
257          3        9        ERR129167
258          3        9        ERR129143
259          3        9        ERR124299
260          3        9        ERR129092
261          3        6        ERR129090
262          3        9        ERR068002
263          3        9        ERR068003
264          3        8        ERR124268
265          3        8        ERR129181
266          3        9        ERR069696
267          3        9        ERR129072
268          3        9        ERR065344
269          3        7        ERR129111
270          3        9        ERR068006
271          3        9        ERR068035
272          3        8        ERR069798
273          2        1        ERR124278
274          3        8        ERR069760
275          3        9        ERR067984
276          3        9        ERR124236
277          3        9        ERR068045
278          3        9        ERR065959
279          3        9        ERR129045
280          3        9        ERR069781
281          3        9        ERR069832
282          3        9        ERR065320
283          1        4        ERR124292
284          3        9        ERR129186
285          3        9        ERR124308
286          3        9        ERR129043
287          3        9        ERR069805
288          3        9        ERR124220
289          3        9        ERR069800
290          3        7        ERR068021
291          3        8        ERR067998
292          1        4        ERR124312
293          3        8        ERR065971
294          3        9        ERR129183
295          3        9        ERR068034
296          3        9        ERR065311
297          3        6        ERR068020
298          3        9        ERR069767
299          3        9        ERR067967
300          3        9        ERR069691
301          3        9        ERR129161
302          3        9        ERR069716
303          3        9        ERR124289
304          3        9        ERR129153
305          3        9        ERR129057
306          3        6        ERR067977
307          3        8        ERR129131
308          3        9        ERR069772
309          3        9        ERR124281
310          3        9        ERR069750
311          3        6        ERR069715
312          3        9        ERR124227
313          3        9        ERR069683
314          3        9        ERR069813
315          3        7        ERR124253
316          3        9        ERR069724
317          3        9        ERR065966
318          3        7        ERR069803
319          3        9        ERR124267
320          3        9        ERR124254
321          3        8        ERR129168
322          3        8        ERR124320
323          3        9        ERR065298
324          3        8        ERR069804
325          3        9        ERR065303
326          3        9        ERR065957
327          3        9        ERR068042
328          3        9        ERR069692
329          3        9        ERR124249
330          3        9        ERR069759
331          3        9        ERR069723
332          3        9        ERR067976
333          3        9        ERR065307
334          3        9        ERR065962
335          3        9        ERR069745
336          3        9        ERR129081
337          3        9        ERR129198
338          3        9        ERR069742
339          1        4        ERR069718
340          1        4        ERR124224
341          3        9        ERR069790
342          3        9        ERR069827
343          3        9        ERR129142
344          3        9        ERR124309
345          3        9        ERR069806
346          3        8        ERR129068
347          3        9        ERR067978
348          3        9        ERR069741
349          3        9        ERR129136
350          3        9        ERR129062
351          3        9        ERR129203
352          3        9        ERR068032
353          3        7        ERR065316
354          3        7        ERR124217
355          3        9        ERR067991
356          3        9        ERR124284
357          3        8        ERR129079
358          3        9        ERR069722
359          3        9        ERR124260
360          3        9        ERR069701
361          3        9        ERR129162
362          3        9        ERR129124
363          3        8        ERR124246
364          3        7        ERR065299
365          3        9        ERR129184
366          3        9        ERR124233
367          3        7        ERR124266
368          3        8        ERR069818
369          3        9        ERR068029
370          3        9        ERR124239
371          3        9        ERR124279
372          3        9        ERR129175
373          3        9        ERR065294
374          3        8        ERR129139
375          3        9        ERR069778
376          3        9        ERR068015
377          2        5        ERR129128
378          3        9        ERR129163
379          3        9        ERR068028
380          3        9        ERR065355
381          3        9        ERR068023
382          3        9        ERR069777
383          3        9        ERR069791
384          3        9        ERR124263
385          3        9        ERR069704
386          3        9        ERR129134
387          3        9        ERR129025
388          3        9        ERR065351
389          3        9        ERR069807
390          3        9        ERR129209
391          3        9        ERR069761
392          3        9        ERR129034
393          3        8        ERR129172
394          3        8        ERR124240
395          3        9        ERR065315
396          3        9        ERR065346
397          3        9        ERR069731
398          3        9        ERR069828
399          3        9        ERR069755
400          3        9        ERR129156
401          3        9        ERR067988
402          3        8        ERR069714
403          3        9        ERR068036
404          3        9        ERR129071
405          3        9        ERR129035
406          3        9        ERR069697
407          3        9        ERR065306
408          3        9        ERR069838
409          3        9        ERR065313
410          3        9        ERR129038
411          3        9        ERR124294
412          1        4        ERR124243
413          3        9        ERR067975
414          3        9        ERR129046
415          3        9        ERR129053
416          3        9        ERR124272
417          2        1        ERR065289
418          3        8        ERR124285
419          3        9        ERR129126
420          3        9        ERR129151
421          3        9        ERR124225
422          3        9        ERR065321
423          3        9        ERR068011
424          3        9        ERR124264
425          3        8        ERR069707
426          3        9        ERR124252
427          3        9        ERR129082
428          3        9        ERR069743
429          3        9        ERR067980
430          3        9        ERR069836
431          3        8        ERR068047
432          3        9        ERR065288
433          3        9        ERR124258
434          3        9        ERR065314
435          3        9        ERR124301
436          3        9        ERR129091
437          3        9        ERR067982
438          1        4        ERR124276
439          3        9        ERR129118
440          3        9        ERR065318
441          3        8        ERR068010
442          1        4        ERR129067
443          3        9        ERR065349
444          3        9        ERR068030
445          3        9        ERR069728
446          3        9        ERR067997
447          3        9        ERR065291
448          3        9        ERR069730
449          2        5        ERR069763
450          3        9        ERR124300
451          3        9        ERR129202
452          3        9        ERR124290
453          3        8        ERR129178
454          3        7        ERR069841
455          3        9        ERR065955
456          3        6        ERR124265
457          3        9        ERR129121
458          3        8        ERR067968
459          3        9        ERR069739
460          3        9        ERR069766
461          3        9        ERR069765
462          3        9        ERR129123
463          3        9        ERR067965
464          3        8        ERR065969
465          3        9        ERR069842
466          3        9        ERR129185
467          3        9        ERR069810
468          3        9        ERR129174
469          3        9        ERR124318
470          3        8        ERR129177
471          3        9        ERR065352
472          3        6        ERR129113
473          3        8        ERR069839
474          3        8        ERR129182
475          3        9        ERR069788
476          3        9        ERR067983
477          3        7        ERR069784
478          3        9        ERR065347
479          3        9        ERR065290
480          3        9        ERR065322
481          3        9        ERR069693
482          3        9        ERR129169
483          3        6        ERR068013
484          3        8        ERR124242
485          3        9        ERR129138
486          3        9        ERR065337
487          3        8        ERR129137
488          3        9        ERR124231
489          3        9        ERR129036
490          3        6        ERR124304
491          2        1        ERR065296
492          3        8        ERR065308
493          3        9        ERR065958
494          3        6        ERR124282
495          3        9        ERR067989
496          3        9        ERR129078
497          3        9        ERR129054
498          2        5        ERR069747
499          3        9        ERR069732
500          3        9        ERR129208
501          3        9        ERR124251
502          2        3        ERR129110
503          3        9        ERR065975
504          3        9        ERR129135
505          3        9        ERR069699
506          3        8        ERR069702
507          3        9        ERR069793
508          3        9        ERR129119
509          3        9        ERR124234
510          3        9        ERR124273
511          3        9        ERR068038
512          3        9        ERR068043
513          3        8        ERR065964
514          3        9        ERR129125
515          3        9        ERR069705
516          3        9        ERR065328
517          3        9        ERR129031
518          3        9        ERR129049
519          3        9        ERR129205
520          3        8        ERR069799
521          3        9        ERR067990
522          2        2        ERR069694
523          3        6        ERR129058
524          3        9        ERR068009
525          2        5        ERR124303
526          3        9        ERR065330
527          3        9        ERR129060
528          3        9        ERR129173
529          3        9        ERR124313
530          3        9        ERR069758
531          3        9        ERR069719
532          3        9        ERR124317
533          3        9        ERR129188
534          3        9        ERR124280
535          3        8        ERR069837
536          3        9        ERR129056
537          3        9        ERR124245
538          3        8        ERR069779
539          3        9        ERR129033
540          3        9        ERR069775
541          3        8        ERR068000
542          3        9        ERR069770
543          3        9        ERR069684
544          3        9        ERR124306
545          3        9        ERR129084
546          1        4        ERR129073
547          3        9        ERR069815
548          2        2        ERR069840
549          3        9        ERR129192
550          3        9        ERR069721
551          3        9        ERR069736
552          3        9        ERR129098
553          3        9        ERR069733
554          3        9        ERR129190
555          3        8        ERR069797
556          3        7        ERR069757
557          3        9        ERR065339
558          3        9        ERR069816
559          2        2        ERR124238
560          3        9        ERR069753
561          3        9        ERR129199
562          3        9        ERR068049
563          3        9        ERR069776
564          3        9        ERR129104
565          3        9        ERR069783
566          3        9        ERR129103
567          3        9        ERR069695
568          3        9        ERR067963
569          3        7        ERR129115
570          3        9        ERR068022
571          3        9        ERR124230
572          3        9        ERR069762
573          3        9        ERR067970
574          3        9        ERR069794
575          3        9        ERR124295
576          3        9        ERR067973
577          3        8        ERR069821
578          3        9        ERR067992
579          3        9        ERR065340
580          3        9        ERR069740
581          2        5        ERR065963
582          3        7        ERR129145
583          3        9        ERR124275
584          3        9        ERR065331
585          3        7        ERR067972
586          3        9        ERR124297
587          3        9        ERR068024
588          3        9        ERR067999
589          3        9        ERR065323
590          3        6        ERR124237
591          3        9        ERR067987
592          3        9        ERR129141
593          3        9        ERR065319
594          3        9        ERR065956
595          3        9        ERR129193
596          3        8        ERR129093
597          3        9        ERR069808
598          3        9        ERR129089
599          2        3        ERR129047
600          3        9        ERR129133
601          3        9        ERR065312
602          3        9        ERR065348
603          3        9        ERR067979
604          2        3        ERR129095
605          3        9        ERR124286
606          3        8        ERR129211
607          3        9        ERR129201
608          3        9        ERR068033
609          3        9        ERR124270
610          3        8        ERR124298
611          2        3        ERR129194
612          3        9        ERR129171
613          2        2        ERR129122
614          3        9        ERR129100
615          3        9        ERR129030
