StrainIndex  Lineage  Cluster  Name
1            4        4        ERR069738
2            4        5        ERR065974
3            4        5        ERR129065
4            4        4        ERR129037
5            4        4        ERR069700
6            4        5        ERR124247
7            4        5        ERR069786
8            4        5        ERR129179
9            4        4        ERR067985
10           4        4        ERR129212
11           4        4        ERR068037
12           4        5        ERR069814
13           4        5        ERR124241
14           4        5        ERR124293
15           4        4        ERR069735
16           4        5        ERR069773
17           4        4        ERR067966
18           4        5        ERR129029
19           4        5        ERR129105
20           4        5        ERR124226
21           4        5        ERR129196
22           4        5        ERR069823
23           4        4        ERR124319
24           4        5        ERR069764
25           4        5        ERR068007
26           4        4        ERR067969
27           4        5        ERR069703
28           4        5        ERR129195
29           4        4        ERR065325
30           4        5        ERR124256
31           4        5        ERR129087
32           4        4        ERR069819
33           4        4        ERR065960
34           4        4        ERR065326
35           4        5        ERR069712
36           4        4        ERR124244
37           4        4        ERR069713
38           4        5        ERR069826
39           4        5        ERR065341
40           4        4        ERR069706
41           4        5        ERR129130
42           4        4        ERR129096
43           4        5        ERR129107
44           4        5        ERR069809
45           4        5        ERR065302
46           4        5        ERR129187
47           4        4        ERR124314
48           4        4        ERR069686
49           4        5        ERR068048
50           4        5        ERR129164
51           4        4        ERR069688
52           4        4        ERR069685
53           4        4        ERR124307
54           4        5        ERR067962
55           4        4        ERR129127
56           4        5        ERR065301
57           4        5        ERR124287
58           4        5        ERR068025
59           4        5        ERR067964
60           4        5        ERR069811
61           4        4        ERR069727
62           4        5        ERR065332
63           4        5        ERR129155
64           4        5        ERR129148
65           4        5        ERR129040
66           4        5        ERR069835
67           4        5        ERR129146
68           4        5        ERR129102
69           4        5        ERR129152
70           4        4        ERR069748
71           4        5        ERR129088
72           4        4        ERR069752
73           4        5        ERR065350
74           4        4        ERR129214
75           4        5        ERR124310
76           4        4        ERR068046
77           4        4        ERR129215
78           4        5        ERR068014
79           1        1        ERR065342
80           4        4        ERR129159
81           4        4        ERR129204
82           4        5        ERR129094
83           4        4        ERR069689
84           4        4        ERR068005
85           4        5        ERR069749
86           4        5        ERR067981
87           4        4        ERR067996
88           4        5        ERR069792
89           4        5        ERR124271
90           4        5        ERR124277
91           4        5        ERR124228
92           4        5        ERR129044
93           4        5        ERR129074
94           4        5        ERR129076
95           4        4        ERR129154
96           4        5        ERR069725
97           4        4        ERR068040
98           4        5        ERR129051
99           4        4        ERR124311
100          4        5        ERR069746
101          4        5        ERR068031
102          4        4        ERR067986
103          4        4        ERR124291
104          4        5        ERR129055
105          4        5        ERR069780
106          4        5        ERR065327
107          4        4        ERR069822
108          4        4        ERR124288
109          4        5        ERR129026
110          4        5        ERR124218
111          4        5        ERR068027
112          4        4        ERR065310
113          4        5        ERR065300
114          4        5        ERR069789
115          4        4        ERR065343
116          4        5        ERR069802
117          4        5        ERR129048
118          4        5        ERR065968
119          4        5        ERR065965
120          4        4        ERR129180
121          4        5        ERR068016
122          4        5        ERR065324
123          4        5        ERR129158
124          4        5        ERR069698
125          4        5        ERR069812
126          4        4        ERR124302
127          4        5        ERR065354
128          4        4        ERR069787
129          4        5        ERR129066
130          4        5        ERR129039
131          4        5        ERR065329
132          4        5        ERR129200
133          4        4        ERR067995
134          4        5        ERR068012
135          4        5        ERR124274
136          4        4        ERR067993
137          4        5        ERR129106
138          4        4        ERR069744
139          4        4        ERR129210
140          4        5        ERR129132
141          4        5        ERR068019
142          4        5        ERR129099
143          4        5        ERR065292
144          4        5        ERR067961
145          4        5        ERR069820
146          4        5        ERR129116
147          4        5        ERR124250
148          4        5        ERR069690
149          4        5        ERR065309
150          4        5        ERR124283
151          4        5        ERR065293
152          4        4        ERR069825
153          4        4        ERR069737
154          4        5        ERR124316
155          4        5        ERR065304
156          4        5        ERR129144
157          4        5        ERR124232
158          4        5        ERR068018
159          4        4        ERR124296
160          4        5        ERR068039
161          4        4        ERR124248
162          4        5        ERR068041
163          4        5        ERR129086
164          4        5        ERR069834
165          4        4        ERR129050
166          4        5        ERR129064
167          4        5        ERR069830
168          4        5        ERR129206
169          4        4        ERR069801
170          4        5        ERR124221
171          4        4        ERR129080
172          4        5        ERR068026
173          4        5        ERR129147
174          4        5        ERR067994
175          4        5        ERR069726
176          4        4        ERR065338
177          4        5        ERR129041
178          4        5        ERR065297
179          4        5        ERR129061
180          4        5        ERR124219
181          4        5        ERR065345
182          4        5        ERR124305
183          4        5        ERR069769
184          4        4        ERR065295
185          4        5        ERR069768
186          4        5        ERR065967
187          4        5        ERR129143
188          4        5        ERR124299
189          4        5        ERR129090
190          4        5        ERR068002
191          4        4        ERR068003
192          4        4        ERR124268
193          4        5        ERR129181
194          4        5        ERR065344
195          4        5        ERR129111
196          4        4        ERR068006
197          4        4        ERR069798
198          4        5        ERR124278
199          4        4        ERR069760
200          4        5        ERR067984
201          4        4        ERR069782
202          4        5        ERR124236
203          4        5        ERR065959
204          4        4        ERR129045
205          4        4        ERR069832
206          4        5        ERR065320
207          4        5        ERR124292
208          4        4        ERR129043
209          4        5        ERR069800
210          4        5        ERR068021
211          4        5        ERR067998
212          4        5        ERR124312
213          4        4        ERR065971
214          4        5        ERR065311
215          4        5        ERR068020
216          4        4        ERR069767
217          4        5        ERR067967
218          4        5        ERR129161
219          4        4        ERR069716
220          4        5        ERR124289
221          4        4        ERR129057
222          4        5        ERR067977
223          4        4        ERR129131
224          4        4        ERR069750
225          4        5        ERR069715
226          4        4        ERR124227
227          4        5        ERR069683
228          4        4        ERR069813
229          4        5        ERR124253
230          4        5        ERR069724
231          4        5        ERR065966
232          4        4        ERR069803
233          4        5        ERR124254
234          4        4        ERR129168
235          4        5        ERR124320
236          4        5        ERR065298
237          4        4        ERR069804
238          4        4        ERR065957
239          4        5        ERR068042
240          4        5        ERR069692
241          4        5        ERR124249
242          4        4        ERR069759
243          4        5        ERR069723
244          4        5        ERR067976
245          4        5        ERR065307
246          4        5        ERR065962
247          4        5        ERR129198
248          4        5        ERR069742
249          4        5        ERR069718
250          4        5        ERR124224
251          4        5        ERR069790
252          4        5        ERR124309
253          4        4        ERR129068
254          4        5        ERR067978
255          4        4        ERR069741
256          4        5        ERR129203
257          4        5        ERR068032
258          4        5        ERR065316
259          4        5        ERR124217
260          4        5        ERR067991
261          4        4        ERR129079
262          4        4        ERR069722
263          4        4        ERR124260
264          4        4        ERR069701
265          4        5        ERR129124
266          4        4        ERR124246
267          4        4        ERR065299
268          4        5        ERR129184
269          4        5        ERR124266
270          4        5        ERR069818
271          4        5        ERR068029
272          4        5        ERR124239
273          4        5        ERR124279
274          4        5        ERR065294
275          4        4        ERR129139
276          4        4        ERR069778
277          4        5        ERR068015
278          4        4        ERR129128
279          4        5        ERR129163
280          4        5        ERR068028
281          4        5        ERR065355
282          4        5        ERR069777
283          4        4        ERR069791
284          4        5        ERR129134
285          4        5        ERR065351
286          4        5        ERR069807
287          4        4        ERR129172
288          4        4        ERR124240
289          4        5        ERR065346
290          4        5        ERR069731
291          4        5        ERR069755
292          4        4        ERR129156
293          4        5        ERR067988
294          4        5        ERR069714
295          4        5        ERR129071
296          4        5        ERR129035
297          4        5        ERR069697
298          4        5        ERR065306
299          4        4        ERR069838
300          4        5        ERR065313
301          4        5        ERR129038
302          4        4        ERR124294
303          4        5        ERR124243
304          4        5        ERR067975
305          4        5        ERR129053
306          4        5        ERR124272
307          4        5        ERR065289
308          4        5        ERR124285
309          4        5        ERR129126
310          4        5        ERR129151
311          4        5        ERR065321
312          4        5        ERR124264
313          4        4        ERR069707
314          4        5        ERR129082
315          4        5        ERR069743
316          4        5        ERR067980
317          4        4        ERR069836
318          4        4        ERR068047
319          4        5        ERR124258
320          4        4        ERR065314
321          4        5        ERR124301
322          4        5        ERR124276
323          4        5        ERR065318
324          4        5        ERR068010
325          4        5        ERR129067
326          4        4        ERR065349
327          4        4        ERR068030
328          4        5        ERR069728
329          4        5        ERR067997
330          4        4        ERR069763
331          4        5        ERR124300
332          2        2        ERR124290
333          4        4        ERR129178
334          4        4        ERR069841
335          4        5        ERR065955
336          4        4        ERR067968
337          4        5        ERR069765
338          4        4        ERR067965
339          4        4        ERR065969
340          4        4        ERR069842
341          4        5        ERR069810
342          4        4        ERR124318
343          4        4        ERR129177
344          4        5        ERR065352
345          4        5        ERR129113
346          4        4        ERR069839
347          4        5        ERR129182
348          4        4        ERR067983
349          4        5        ERR065347
350          4        4        ERR065290
351          4        5        ERR065322
352          4        4        ERR069693
353          4        5        ERR129169
354          4        5        ERR068013
355          4        4        ERR124242
356          4        4        ERR129137
357          4        5        ERR124231
358          4        5        ERR124304
359          4        5        ERR065296
360          4        4        ERR065308
361          4        5        ERR124282
362          4        4        ERR067989
363          4        4        ERR129078
364          4        5        ERR129054
365          4        4        ERR069747
366          4        5        ERR069732
367          4        5        ERR129208
368          4        5        ERR129110
369          4        4        ERR129135
370          4        4        ERR069699
371          4        4        ERR069702
372          4        4        ERR069793
373          4        5        ERR129119
374          4        5        ERR124273
375          4        4        ERR065964
376          4        5        ERR129205
377          4        5        ERR069799
378          4        5        ERR069694
379          4        5        ERR129058
380          3        3        ERR068009
381          4        4        ERR124303
382          4        5        ERR065330
383          4        5        ERR129060
384          4        5        ERR129173
385          4        5        ERR069719
386          4        5        ERR124317
387          4        5        ERR129188
388          4        4        ERR069837
389          4        5        ERR129056
390          4        5        ERR124245
391          4        4        ERR069779
392          4        5        ERR069775
393          4        4        ERR068000
394          4        5        ERR069770
395          4        5        ERR124306
396          4        5        ERR129084
397          4        5        ERR129073
398          4        5        ERR069815
399          4        5        ERR069840
400          4        5        ERR129192
401          4        5        ERR069721
402          4        5        ERR069736
403          4        5        ERR129098
404          4        5        ERR069733
405          4        5        ERR069757
406          4        5        ERR065339
407          4        5        ERR124238
408          4        5        ERR129199
409          4        5        ERR068049
410          4        5        ERR129104
411          4        4        ERR069783
412          4        5        ERR067963
413          4        4        ERR068022
414          4        5        ERR124230
415          4        4        ERR069762
416          4        5        ERR067970
417          4        5        ERR067973
418          4        5        ERR067992
419          4        5        ERR069740
420          4        4        ERR065963
421          4        5        ERR129145
422          4        5        ERR124275
423          4        5        ERR065331
424          4        4        ERR124297
425          4        4        ERR067999
426          4        5        ERR124237
427          4        4        ERR067987
428          4        5        ERR129141
429          4        4        ERR129093
430          4        5        ERR129089
431          4        5        ERR129047
432          4        5        ERR129133
433          4        5        ERR065312
434          4        5        ERR065348
435          4        4        ERR067979
436          4        5        ERR129095
437          4        4        ERR124286
438          4        4        ERR129211
439          4        5        ERR129201
440          4        5        ERR068033
441          4        4        ERR124298
442          4        5        ERR129194
443          4        5        ERR129171
444          4        5        ERR129122
445          4        5        ERR129100
