StrainIndex  Lineage  Cluster  Name
1            3        4        ERR069738
2            2        3        ERR065974
3            3        8        ERR129065
4            3        6        ERR129037
5            3        5        ERR069700
6            3        5        ERR124247
7            3        7        ERR124222
8            3        8        ERR065305
9            3        7        ERR069786
10           3        4        ERR129179
11           3        7        ERR129176
12           3        5        ERR069709
13           3        6        ERR067985
14           3        8        ERR129212
15           3        4        ERR068037
16           3        6        ERR069814
17           3        4        ERR124241
18           3        4        ERR124293
19           3        8        ERR069735
20           3        5        ERR069773
21           3        5        ERR069773
22           3        5        ERR067966
23           3        7        ERR129029
24           3        5        ERR124226
25           3        7        ERR129196
26           3        8        ERR069823
27           3        8        ERR124319
28           3        5        ERR068001
29           3        7        ERR129117
30           3        7        ERR069764
31           3        6        ERR068007
32           3        8        ERR068008
33           3        4        ERR069703
34           3        6        ERR124256
35           3        4        ERR129087
36           3        6        ERR069819
37           3        8        ERR065960
38           3        8        ERR069796
39           3        7        ERR065326
40           3        7        ERR124244
41           3        6        ERR069713
42           2        3        ERR065341
43           3        8        ERR069771
44           3        7        ERR069706
45           2        3        ERR129130
46           3        4        ERR129096
47           3        8        ERR129107
48           3        6        ERR069809
49           3        5        ERR065302
50           3        5        ERR124314
51           3        4        ERR069686
52           3        7        ERR069824
53           3        8        ERR068048
54           3        6        ERR065972
55           3        7        ERR129164
56           3        4        ERR069688
57           3        7        ERR069685
58           3        4        ERR124307
59           3        6        ERR124257
60           3        6        ERR129127
61           3        6        ERR068025
62           3        8        ERR067964
63           3        6        ERR069811
64           3        6        ERR069727
65           3        8        ERR129063
66           3        8        ERR065332
67           3        5        ERR129028
68           3        7        ERR129213
69           3        5        ERR129155
70           3        7        ERR129042
71           3        4        ERR129148
72           3        5        ERR129040
73           3        8        ERR069835
74           3        7        ERR129146
75           3        7        ERR069729
76           3        6        ERR129152
77           3        8        ERR069748
78           3        7        ERR069843
79           3        6        ERR129088
80           3        8        ERR065350
81           3        6        ERR124310
82           3        6        ERR129215
83           3        8        ERR129140
84           3        8        ERR069831
85           3        8        ERR068014
86           3        8        ERR124315
87           3        7        ERR124255
88           3        7        ERR124235
89           3        6        ERR129159
90           3        4        ERR129204
91           3        8        ERR129094
92           3        8        ERR069689
93           3        4        ERR069749
94           3        4        ERR067996
95           3        7        ERR129052
96           3        5        ERR069792
97           3        8        ERR124271
98           3        4        ERR124277
99           3        2        ERR124228
100          3        6        ERR129044
101          3        5        ERR065353
102          3        4        ERR129074
103          3        8        ERR069817
104          3        5        ERR065953
105          3        7        ERR129076
106          3        6        ERR129154
107          3        8        ERR069725
108          3        6        ERR124311
109          3        8        ERR069746
110          3        5        ERR068031
111          3        6        ERR124291
112          3        7        ERR129055
113          3        7        ERR065327
114          3        6        ERR065327
115          3        6        ERR069822
116          3        8        ERR124288
117          3        8        ERR129026
118          3        5        ERR124218
119          3        5        ERR068027
120          3        5        ERR069710
121          3        6        ERR065310
122          3        8        ERR129160
123          3        4        ERR065300
124          3        6        ERR069789
125          3        4        ERR065343
126          3        5        ERR069802
127          3        6        ERR129027
128          3        8        ERR129170
129          3        5        ERR129048
130          2        3        ERR065965
131          3        8        ERR129180
132          3        7        ERR068016
133          3        4        ERR065324
134          3        8        ERR129112
135          3        7        ERR129158
136          3        8        ERR069698
137          3        8        ERR069812
138          3        6        ERR124302
139          3        5        ERR129083
140          3        5        ERR065354
141          3        5        ERR069787
142          3        8        ERR068017
143          3        7        ERR129066
144          3        4        ERR129039
145          3        4        ERR065329
146          3        8        ERR124269
147          3        5        ERR129200
148          3        4        ERR067995
149          3        7        ERR068012
150          3        8        ERR124274
151          2        3        ERR067993
152          3        5        ERR129106
153          3        8        ERR069717
154          3        5        ERR067974
155          3        5        ERR069744
156          3        6        ERR129210
157          3        8        ERR129108
158          3        4        ERR068019
159          3        4        ERR129099
160          3        8        ERR129059
161          3        8        ERR065292
162          3        2        ERR067961
163          3        7        ERR069820
164          3        5        ERR129216
165          3        4        ERR124250
166          3        7        ERR065973
167          3        6        ERR065309
168          3        8        ERR124283
169          3        8        ERR065293
170          3        5        ERR069825
171          3        5        ERR069737
172          3        4        ERR124316
173          3        7        ERR065304
174          3        7        ERR129144
175          3        6        ERR124232
176          3        7        ERR124232
177          3        6        ERR124296
178          3        6        ERR068050
179          3        5        ERR068039
180          3        5        ERR068004
181          3        4        ERR124248
182          3        6        ERR068041
183          3        4        ERR129086
184          3        8        ERR065317
185          3        4        ERR069834
186          3        7        ERR069720
187          3        8        ERR129050
188          3        5        ERR129064
189          3        8        ERR129206
190          3        6        ERR069801
191          3        8        ERR124221
192          3        6        ERR129080
193          3        8        ERR068026
194          3        5        ERR129147
195          3        7        ERR129077
196          3        7        ERR067994
197          3        6        ERR067994
198          3        4        ERR069726
199          3        4        ERR065338
200          3        8        ERR129041
201          3        8        ERR129120
202          3        8        ERR129061
203          3        7        ERR124219
204          3        5        ERR065345
205          3        6        ERR124305
206          3        8        ERR065295
207          3        8        ERR129197
208          3        8        ERR065967
209          3        4        ERR124223
210          3        5        ERR069734
211          3        4        ERR129143
212          3        4        ERR124299
213          3        5        ERR129092
214          3        4        ERR068002
215          3        7        ERR068003
216          3        6        ERR124268
217          3        5        ERR129181
218          3        8        ERR069696
219          3        8        ERR129072
220          3        8        ERR065344
221          3        6        ERR129111
222          3        8        ERR068006
223          3        7        ERR068035
224          3        7        ERR069798
225          2        3        ERR124278
226          3        8        ERR067984
227          3        4        ERR124236
228          3        7        ERR065959
229          3        6        ERR129045
230          3        8        ERR069781
231          3        8        ERR069832
232          3        8        ERR065320
233          3        2        ERR124292
234          3        7        ERR124308
235          3        7        ERR129043
236          3        8        ERR069805
237          3        7        ERR069800
238          3        6        ERR068021
239          3        2        ERR124312
240          3        7        ERR065971
241          3        8        ERR129183
242          3        4        ERR069767
243          3        8        ERR067967
244          3        6        ERR069691
245          3        8        ERR129161
246          3        8        ERR069716
247          3        8        ERR124289
248          3        8        ERR129153
249          3        6        ERR129057
250          3        6        ERR129131
251          3        7        ERR069772
252          3        8        ERR124281
253          3        8        ERR069750
254          3        7        ERR124227
255          3        7        ERR069683
256          3        6        ERR124253
257          3        8        ERR069724
258          3        7        ERR065966
259          2        3        ERR069803
260          3        6        ERR124267
261          3        7        ERR124254
262          3        6        ERR124254
263          3        7        ERR129168
264          3        5        ERR124320
265          3        6        ERR065298
266          3        7        ERR065298
267          3        6        ERR069804
268          3        6        ERR065957
269          3        8        ERR068042
270          3        5        ERR069692
271          3        8        ERR124249
272          3        5        ERR069723
273          3        7        ERR067976
274          3        7        ERR065307
275          3        8        ERR065962
276          3        8        ERR069745
277          3        8        ERR129198
278          3        8        ERR069742
279          3        2        ERR069718
280          3        2        ERR124224
281          3        7        ERR069790
282          3        5        ERR069827
283          3        8        ERR129142
284          3        8        ERR124309
285          3        7        ERR069806
286          3        6        ERR129068
287          3        8        ERR067978
288          3        7        ERR129062
289          3        6        ERR129203
290          3        8        ERR068032
291          3        6        ERR065316
292          3        6        ERR124217
293          3        7        ERR067991
294          3        8        ERR124284
295          3        6        ERR129079
296          3        4        ERR124260
297          3        8        ERR069701
298          3        5        ERR129124
299          3        6        ERR124246
300          3        6        ERR065299
301          3        8        ERR129184
302          3        7        ERR124233
303          3        6        ERR124266
304          3        4        ERR068029
305          3        8        ERR124239
306          3        4        ERR124279
307          3        8        ERR065294
308          3        6        ERR129139
309          3        4        ERR069778
310          3        8        ERR068015
311          3        5        ERR129128
312          3        4        ERR129163
313          3        8        ERR068028
314          3        7        ERR065355
315          3        7        ERR069777
316          3        7        ERR069791
317          3        4        ERR129134
318          3        8        ERR129025
319          3        4        ERR065351
320          3        8        ERR129209
321          3        6        ERR069761
322          3        7        ERR129172
323          3        6        ERR124240
324          3        7        ERR065315
325          3        5        ERR065346
326          3        8        ERR069731
327          3        8        ERR069755
328          3        4        ERR129156
329          3        4        ERR067988
330          3        7        ERR068036
331          3        4        ERR129035
332          3        5        ERR069697
333          3        7        ERR065306
334          3        6        ERR069838
335          3        7        ERR065313
336          3        7        ERR129038
337          3        8        ERR124294
338          3        2        ERR124243
339          3        6        ERR129046
340          3        8        ERR124272
341          2        3        ERR065289
342          3        7        ERR124285
343          3        7        ERR129126
344          3        6        ERR129151
345          3        5        ERR065321
346          3        8        ERR068011
347          3        6        ERR124264
348          3        6        ERR069707
349          3        6        ERR124252
350          3        7        ERR129082
351          3        7        ERR069743
352          3        4        ERR069836
353          3        6        ERR068047
354          3        5        ERR065288
355          3        6        ERR124258
356          3        7        ERR065314
357          3        4        ERR124301
358          3        7        ERR067982
359          3        2        ERR124276
360          3        8        ERR065318
361          3        7        ERR068010
362          3        2        ERR129067
363          3        7        ERR068030
364          3        4        ERR069728
365          3        6        ERR067997
366          3        7        ERR067997
367          3        7        ERR069730
368          3        5        ERR069763
369          3        8        ERR124300
370          3        4        ERR124290
371          3        6        ERR129178
372          2        3        ERR069841
373          3        8        ERR065955
374          3        7        ERR124265
375          3        5        ERR129121
376          3        6        ERR067968
377          3        8        ERR069739
378          3        6        ERR069766
379          3        7        ERR069766
380          3        8        ERR069765
381          3        8        ERR129123
382          3        4        ERR067965
383          3        7        ERR065969
384          3        7        ERR069842
385          3        6        ERR129185
386          3        5        ERR069810
387          3        5        ERR129174
388          3        4        ERR124318
389          3        6        ERR129177
390          3        8        ERR065352
391          3        6        ERR069839
392          3        7        ERR129182
393          3        5        ERR069788
394          3        8        ERR067983
395          3        5        ERR069784
396          3        8        ERR065347
397          3        5        ERR065322
398          3        7        ERR069693
399          3        6        ERR129169
400          3        6        ERR124242
401          3        6        ERR129137
402          3        6        ERR124231
403          3        7        ERR129036
404          2        3        ERR065296
405          3        5        ERR065958
406          3        7        ERR124282
407          3        8        ERR067989
408          3        7        ERR129078
409          3        8        ERR129054
410          3        5        ERR069747
411          3        8        ERR069732
412          3        8        ERR129208
413          3        7        ERR129110
414          3        6        ERR129135
415          3        7        ERR069699
416          1        1        ERR069702
417          3        7        ERR069793
418          3        4        ERR129119
419          3        8        ERR124234
420          3        4        ERR124273
421          3        5        ERR068043
422          3        6        ERR065964
423          3        8        ERR065328
424          3        7        ERR129031
425          3        7        ERR129049
426          3        7        ERR129205
427          3        7        ERR067990
428          3        8        ERR069694
429          3        5        ERR124303
430          3        8        ERR065330
431          3        8        ERR129060
432          3        4        ERR129173
433          3        7        ERR124313
434          3        8        ERR069719
435          3        7        ERR124317
436          3        6        ERR124317
437          3        5        ERR129188
438          3        8        ERR124280
439          3        5        ERR129056
440          3        8        ERR124245
441          3        7        ERR069779
442          3        6        ERR129033
443          3        5        ERR069775
444          3        6        ERR068000
445          3        8        ERR069770
446          3        8        ERR069684
447          3        5        ERR124306
448          3        7        ERR129084
449          3        2        ERR129073
450          3        6        ERR069815
451          3        8        ERR069840
452          3        7        ERR129192
453          3        8        ERR069721
454          3        7        ERR069736
455          3        7        ERR129098
456          3        4        ERR069733
457          3        6        ERR069757
458          3        7        ERR065339
459          3        7        ERR069816
460          3        8        ERR124238
461          3        8        ERR069753
462          3        7        ERR129199
463          3        8        ERR068049
464          3        8        ERR069776
465          3        4        ERR129104
466          3        4        ERR069783
467          3        5        ERR129103
468          3        8        ERR069695
469          3        4        ERR067963
470          3        6        ERR129115
471          3        7        ERR124230
472          3        7        ERR069762
473          3        4        ERR067970
474          3        8        ERR069794
475          3        8        ERR124295
476          3        4        ERR067992
477          3        8        ERR069740
478          3        5        ERR065963
479          3        6        ERR129145
480          3        4        ERR124275
481          3        7        ERR065331
482          3        6        ERR067972
483          3        8        ERR124297
484          3        8        ERR068024
485          3        7        ERR124237
486          3        4        ERR067987
487          3        7        ERR065956
488          3        7        ERR129193
489          3        6        ERR129093
490          3        8        ERR069808
491          3        4        ERR129089
492          3        7        ERR129133
493          3        5        ERR065312
494          3        8        ERR065348
495          3        7        ERR067979
496          3        8        ERR129095
497          3        8        ERR124286
498          3        6        ERR129211
499          3        6        ERR129201
500          3        4        ERR068033
501          3        8        ERR124270
502          3        6        ERR124298
503          3        6        ERR129194
504          3        7        ERR129171
505          3        8        ERR129122
506          3        8        ERR129100
