StrainIndex  Lineage  Cluster  Name
1            2        1        ERR069738
2            2        5        ERR065974
3            2        6        ERR129065
4            1        8        ERR129037
5            2        10       ERR069700
6            1        7        ERR124247
7            2        9        ERR124222
8            2        10       ERR065305
9            1        7        ERR069786
10           2        4        ERR129179
11           2        9        ERR129176
12           1        3        ERR069709
13           1        8        ERR067985
14           2        9        ERR129212
15           2        1        ERR068037
16           1        8        ERR069814
17           2        4        ERR124241
18           1        7        ERR069795
19           2        4        ERR124293
20           2        10       ERR069735
21           2        10       ERR069773
22           2        10       ERR067966
23           2        6        ERR129029
24           1        7        ERR129105
25           2        10       ERR124226
26           1        7        ERR129196
27           1        7        ERR069823
28           2        9        ERR124319
29           1        3        ERR068001
30           2        9        ERR129117
31           2        9        ERR069764
32           1        8        ERR068007
33           2        10       ERR068008
34           2        10       ERR067969
35           2        4        ERR069703
36           1        7        ERR129195
37           1        3        ERR065325
38           2        2        ERR124256
39           2        4        ERR129087
40           2        9        ERR069819
41           2        10       ERR129129
42           1        3        ERR065960
43           2        10       ERR069796
44           1        8        ERR065326
45           2        2        ERR069712
46           1        3        ERR124244
47           2        9        ERR129075
48           1        8        ERR069713
49           2        6        ERR069826
50           2        5        ERR065341
51           2        10       ERR069771
52           2        9        ERR069706
53           1        7        ERR065970
54           2        5        ERR129130
55           2        1        ERR129096
56           2        6        ERR129107
57           2        2        ERR069809
58           2        10       ERR065302
59           2        10       ERR129187
60           2        10       ERR124314
61           2        1        ERR069686
62           2        9        ERR069824
63           2        2        ERR068048
64           2        10       ERR065972
65           2        5        ERR129164
66           2        1        ERR069688
67           2        9        ERR069685
68           2        1        ERR124307
69           2        4        ERR067962
70           1        8        ERR124257
71           1        8        ERR129127
72           1        7        ERR065301
73           2        2        ERR124287
74           1        7        ERR068025
75           1        7        ERR067964
76           1        7        ERR069811
77           1        8        ERR069727
78           2        10       ERR129063
79           2        5        ERR065332
80           2        5        ERR129028
81           2        10       ERR065287
82           2        9        ERR129213
83           2        6        ERR129155
84           2        9        ERR129042
85           2        4        ERR129148
86           2        10       ERR129040
87           1        7        ERR069835
88           2        6        ERR129146
89           2        9        ERR129102
90           2        9        ERR069729
91           1        7        ERR129152
92           2        9        ERR069748
93           2        9        ERR069843
94           2        10       ERR124229
95           2        5        ERR129088
96           1        8        ERR069752
97           2        2        ERR065350
98           2        10       ERR129149
99           1        8        ERR129214
100          2        10       ERR069833
101          1        8        ERR124310
102          1        8        ERR068046
103          1        8        ERR129215
104          2        10       ERR129140
105          2        10       ERR069831
106          1        3        ERR068014
107          2        10       ERR124315
108          2        9        ERR124255
109          1        7        ERR065342
110          2        9        ERR124235
111          1        8        ERR129159
112          2        1        ERR129204
113          1        3        ERR129094
114          2        9        ERR069689
115          1        7        ERR069751
116          1        7        ERR068005
117          2        4        ERR069749
118          2        5        ERR067981
119          2        1        ERR067996
120          2        6        ERR129052
121          2        6        ERR069785
122          1        3        ERR069792
123          1        7        ERR124271
124          2        10       ERR069687
125          2        4        ERR124277
126          2        9        ERR124228
127          2        2        ERR129044
128          1        3        ERR065353
129          2        4        ERR129074
130          2        10       ERR069817
131          1        3        ERR065953
132          2        5        ERR129076
133          1        8        ERR129154
134          2        5        ERR069725
135          1        8        ERR068040
136          2        2        ERR129051
137          2        9        ERR129157
138          2        5        ERR124311
139          1        7        ERR069746
140          1        3        ERR068031
141          1        8        ERR067986
142          1        8        ERR124291
143          2        6        ERR129055
144          2        6        ERR069780
145          1        7        ERR065327
146          1        8        ERR069822
147          2        10       ERR129207
148          2        9        ERR124288
149          2        5        ERR129026
150          1        8        ERR124218
151          2        6        ERR068027
152          1        3        ERR069710
153          1        8        ERR065310
154          2        10       ERR129160
155          2        4        ERR065300
156          1        8        ERR069789
157          2        1        ERR065343
158          2        6        ERR069802
159          1        3        ERR129027
160          2        10       ERR129170
161          1        8        ERR129048
162          2        2        ERR065968
163          2        5        ERR065965
164          2        10       ERR068044
165          2        9        ERR129180
166          2        10       ERR068016
167          2        4        ERR065324
168          2        10       ERR129112
169          2        5        ERR129158
170          2        5        ERR069698
171          1        7        ERR069812
172          1        8        ERR124302
173          2        5        ERR129083
174          1        3        ERR065354
175          2        10       ERR069787
176          2        10       ERR068017
177          2        10       ERR129066
178          1        7        ERR129039
179          2        4        ERR065329
180          2        10       ERR124269
181          2        4        ERR129200
182          2        1        ERR067995
183          2        5        ERR068012
184          2        6        ERR124274
185          2        9        ERR067993
186          2        9        ERR069708
187          2        6        ERR129106
188          2        10       ERR069717
189          2        10       ERR067974
190          2        10       ERR069744
191          1        8        ERR129210
192          2        10       ERR129108
193          2        2        ERR129132
194          1        7        ERR069711
195          2        4        ERR068019
196          2        4        ERR129099
197          2        10       ERR129059
198          1        7        ERR065292
199          2        9        ERR067961
200          1        8        ERR069820
201          2        5        ERR129216
202          2        6        ERR129116
203          2        4        ERR124250
204          2        2        ERR069690
205          2        9        ERR065973
206          1        8        ERR065309
207          2        5        ERR124283
208          2        6        ERR065293
209          1        3        ERR069825
210          1        3        ERR069737
211          2        4        ERR124316
212          2        10       ERR065304
213          1        7        ERR129144
214          1        7        ERR124232
215          2        2        ERR068018
216          1        8        ERR124296
217          1        7        ERR067960
218          2        10       ERR068050
219          2        10       ERR068039
220          2        10       ERR068004
221          2        10       ERR129032
222          2        1        ERR124248
223          1        7        ERR068041
224          2        4        ERR129086
225          2        10       ERR065317
226          2        4        ERR069834
227          2        9        ERR069720
228          1        3        ERR129050
229          2        9        ERR129064
230          2        6        ERR069830
231          2        10       ERR069774
232          1        3        ERR129206
233          1        8        ERR069801
234          2        5        ERR124221
235          1        8        ERR129080
236          2        5        ERR068026
237          2        6        ERR129147
238          2        10       ERR069829
239          1        7        ERR129077
240          1        7        ERR067994
241          2        4        ERR069726
242          2        1        ERR065338
243          1        7        ERR129041
244          2        5        ERR065297
245          2        10       ERR129120
246          2        5        ERR129061
247          2        6        ERR124219
248          2        6        ERR065345
249          1        8        ERR124305
250          2        10       ERR069769
251          2        10       ERR065295
252          2        2        ERR069768
253          2        10       ERR129197
254          1        7        ERR065967
255          1        7        ERR124223
256          1        3        ERR069734
257          2        10       ERR129167
258          2        4        ERR129143
259          2        4        ERR124299
260          1        3        ERR129092
261          2        2        ERR129090
262          2        4        ERR068002
263          2        9        ERR068003
264          1        8        ERR124268
265          1        3        ERR129181
266          2        10       ERR069696
267          2        10       ERR129072
268          1        7        ERR065344
269          1        8        ERR129111
270          2        9        ERR068006
271          2        9        ERR068035
272          2        9        ERR069798
273          2        5        ERR124278
274          1        8        ERR069760
275          2        10       ERR067984
276          2        9        ERR069782
277          2        4        ERR124236
278          2        10       ERR068045
279          2        10       ERR065959
280          1        3        ERR129045
281          2        10       ERR069781
282          2        9        ERR069832
283          2        5        ERR065320
284          2        9        ERR124292
285          2        10       ERR129186
286          2        9        ERR124308
287          2        9        ERR129043
288          2        10       ERR069805
289          2        10       ERR124220
290          2        6        ERR069800
291          1        8        ERR068021
292          1        7        ERR067998
293          2        9        ERR124312
294          2        9        ERR065971
295          2        10       ERR129183
296          2        10       ERR068034
297          2        6        ERR065311
298          2        2        ERR068020
299          2        1        ERR069767
300          2        6        ERR067967
301          1        7        ERR069691
302          2        6        ERR129161
303          2        9        ERR069716
304          1        7        ERR124289
305          2        10       ERR129153
306          2        5        ERR129057
307          2        2        ERR067977
308          1        8        ERR129131
309          2        9        ERR069772
310          2        10       ERR124281
311          2        9        ERR069750
312          2        2        ERR069715
313          2        9        ERR124227
314          2        5        ERR069683
315          2        9        ERR069813
316          1        8        ERR124253
317          2        5        ERR069724
318          2        6        ERR065966
319          2        9        ERR069803
320          2        10       ERR124267
321          1        7        ERR124254
322          2        9        ERR129168
323          1        7        ERR124320
324          1        7        ERR065298
325          1        8        ERR069804
326          2        9        ERR065303
327          2        5        ERR065957
328          2        6        ERR068042
329          1        3        ERR069692
330          2        5        ERR124249
331          1        7        ERR069759
332          2        6        ERR069723
333          2        6        ERR067976
334          2        5        ERR065307
335          1        7        ERR065962
336          2        10       ERR069745
337          2        10       ERR129081
338          2        5        ERR129198
339          2        5        ERR069742
340          2        9        ERR069718
341          2        9        ERR124224
342          2        6        ERR069790
343          1        3        ERR069827
344          2        10       ERR129142
345          1        7        ERR124309
346          2        9        ERR069806
347          1        8        ERR129068
348          2        6        ERR067978
349          2        10       ERR069741
350          2        5        ERR129136
351          2        9        ERR129062
352          1        7        ERR129203
353          2        5        ERR068032
354          1        8        ERR065316
355          1        8        ERR124217
356          2        10       ERR067991
357          2        10       ERR124284
358          1        8        ERR129079
359          1        8        ERR069722
360          2        1        ERR124260
361          2        9        ERR069701
362          2        10       ERR129162
363          2        10       ERR129124
364          1        8        ERR124246
365          1        3        ERR065299
366          1        7        ERR129184
367          2        9        ERR124233
368          1        8        ERR124266
369          1        7        ERR069818
370          2        4        ERR068029
371          2        5        ERR124239
372          2        4        ERR124279
373          2        10       ERR129175
374          2        5        ERR065294
375          1        8        ERR129139
376          2        1        ERR069778
377          2        6        ERR068015
378          2        10       ERR129128
379          2        4        ERR129163
380          2        5        ERR068028
381          2        6        ERR065355
382          2        9        ERR068023
383          2        6        ERR069777
384          2        9        ERR069791
385          2        10       ERR124263
386          2        10       ERR069704
387          2        4        ERR129134
388          2        10       ERR129025
389          2        4        ERR065351
390          2        6        ERR069807
391          2        10       ERR129209
392          2        10       ERR069761
393          2        10       ERR129034
394          2        9        ERR129172
395          1        8        ERR124240
396          2        5        ERR065315
397          2        6        ERR065346
398          2        2        ERR069731
399          2        10       ERR069828
400          1        7        ERR069755
401          2        1        ERR129156
402          2        4        ERR067988
403          1        7        ERR069714
404          2        9        ERR068036
405          2        9        ERR129071
406          2        4        ERR129035
407          1        3        ERR069697
408          2        6        ERR065306
409          2        10       ERR069838
410          2        5        ERR065313
411          2        10       ERR129038
412          2        9        ERR124294
413          2        9        ERR124243
414          1        3        ERR067975
415          2        10       ERR129046
416          1        7        ERR129053
417          2        6        ERR124272
418          2        5        ERR065289
419          2        2        ERR124285
420          2        5        ERR129126
421          1        7        ERR129151
422          2        10       ERR124225
423          2        10       ERR065321
424          2        10       ERR068011
425          1        7        ERR124264
426          1        8        ERR069707
427          2        10       ERR124252
428          2        6        ERR129082
429          2        6        ERR069743
430          2        6        ERR067980
431          2        1        ERR069836
432          1        8        ERR068047
433          2        10       ERR065288
434          1        8        ERR124258
435          2        9        ERR065314
436          2        4        ERR124301
437          2        10       ERR129091
438          2        10       ERR067982
439          2        9        ERR124276
440          2        10       ERR129118
441          1        7        ERR065318
442          1        7        ERR068010
443          2        9        ERR129067
444          1        8        ERR065349
445          2        9        ERR068030
446          2        4        ERR069728
447          1        7        ERR067997
448          2        10       ERR065291
449          2        9        ERR069730
450          2        10       ERR069763
451          2        5        ERR124300
452          2        5        ERR129202
453          2        4        ERR124290
454          1        8        ERR129178
455          2        9        ERR069841
456          2        6        ERR065955
457          2        2        ERR124265
458          2        10       ERR129121
459          1        8        ERR067968
460          2        5        ERR069739
461          1        7        ERR069766
462          1        7        ERR069765
463          2        10       ERR129123
464          2        1        ERR067965
465          2        9        ERR065969
466          2        9        ERR069842
467          1        8        ERR129185
468          1        3        ERR069810
469          2        10       ERR129174
470          2        1        ERR124318
471          1        8        ERR129177
472          2        5        ERR065352
473          2        2        ERR129113
474          1        8        ERR069839
475          1        7        ERR129182
476          1        3        ERR069788
477          2        9        ERR067983
478          1        3        ERR069784
479          2        2        ERR065347
480          2        5        ERR065290
481          2        6        ERR065322
482          2        9        ERR069693
483          1        7        ERR129169
484          2        2        ERR068013
485          1        8        ERR124242
486          2        5        ERR129138
487          2        10       ERR065337
488          1        8        ERR129137
489          1        7        ERR124231
490          2        9        ERR129036
491          2        2        ERR124304
492          2        5        ERR065296
493          1        8        ERR065308
494          2        10       ERR065958
495          2        2        ERR124282
496          2        9        ERR067989
497          2        9        ERR129078
498          2        6        ERR129054
499          2        10       ERR069747
500          1        7        ERR069732
501          2        6        ERR129208
502          2        10       ERR124251
503          1        7        ERR129110
504          2        10       ERR065975
505          2        5        ERR129135
506          2        9        ERR069699
507          1        8        ERR069702
508          2        9        ERR069793
509          2        4        ERR129119
510          2        10       ERR124234
511          2        4        ERR124273
512          2        10       ERR068038
513          1        3        ERR068043
514          1        8        ERR065964
515          2        10       ERR129125
516          2        10       ERR069705
517          2        10       ERR065328
518          2        9        ERR129031
519          2        9        ERR129049
520          2        6        ERR129205
521          1        7        ERR069799
522          2        9        ERR067990
523          2        6        ERR069694
524          2        2        ERR129058
525          1        3        ERR068009
526          2        10       ERR124303
527          1        7        ERR065330
528          2        5        ERR129060
529          2        4        ERR129173
530          2        10       ERR124313
531          2        10       ERR069758
532          1        7        ERR069719
533          1        7        ERR124317
534          2        10       ERR129188
535          2        10       ERR124280
536          1        8        ERR069837
537          2        10       ERR129056
538          2        6        ERR124245
539          2        9        ERR069779
540          2        10       ERR129033
541          2        10       ERR069775
542          1        8        ERR068000
543          1        7        ERR069770
544          2        10       ERR069684
545          1        8        ERR124306
546          1        8        ERR129084
547          2        9        ERR129073
548          1        7        ERR069815
549          2        9        ERR069840
550          2        6        ERR129192
551          1        7        ERR069721
552          2        6        ERR069736
553          2        5        ERR129098
554          2        4        ERR069733
555          2        10       ERR129190
556          2        6        ERR069797
557          1        8        ERR069757
558          2        6        ERR065339
559          2        9        ERR069816
560          2        6        ERR124238
561          2        10       ERR069753
562          2        5        ERR129199
563          2        5        ERR068049
564          2        10       ERR069776
565          2        4        ERR129104
566          2        1        ERR069783
567          2        5        ERR129103
568          2        5        ERR069695
569          2        4        ERR067963
570          1        3        ERR129115
571          1        8        ERR068022
572          2        10       ERR124230
573          2        9        ERR069762
574          2        4        ERR067970
575          2        10       ERR069794
576          2        10       ERR124295
577          2        6        ERR067973
578          2        6        ERR069821
579          2        4        ERR067992
580          2        10       ERR065340
581          1        7        ERR069740
582          2        10       ERR065963
583          1        8        ERR129145
584          2        4        ERR124275
585          2        6        ERR065331
586          1        8        ERR067972
587          2        9        ERR124297
588          2        10       ERR068024
589          2        9        ERR067999
590          2        10       ERR065323
591          2        2        ERR124237
592          2        1        ERR067987
593          2        6        ERR129141
594          2        10       ERR065319
595          2        9        ERR065956
596          2        9        ERR129193
597          1        8        ERR129093
598          2        10       ERR069808
599          2        4        ERR129089
600          2        10       ERR129047
601          2        6        ERR129133
602          1        8        ERR065312
603          2        6        ERR065348
604          1        7        ERR067979
605          1        3        ERR129095
606          2        9        ERR124286
607          1        8        ERR129211
608          2        2        ERR129201
609          2        4        ERR068033
610          2        10       ERR124270
611          1        8        ERR124298
612          2        2        ERR129194
613          2        6        ERR129171
614          2        6        ERR129122
615          2        6        ERR129100
616          2        5        ERR129030
