StrainIndex  Lineage  Cluster  Name
1            1        1        ERR069738
2            1        1        ERR065974
3            1        1        ERR129065
4            1        1        ERR129037
5            1        1        ERR069700
6            1        1        ERR124247
7            1        1        ERR124222
8            1        1        ERR065305
9            1        1        ERR069786
10           1        1        ERR129179
11           1        1        ERR129176
12           1        1        ERR069709
13           1        1        ERR067985
14           1        1        ERR129212
15           1        1        ERR068037
16           1        1        ERR069814
17           1        1        ERR124241
18           1        1        ERR069795
19           1        1        ERR124293
20           1        1        ERR069735
21           1        1        ERR069773
22           1        1        ERR067966
23           1        1        ERR129029
24           1        1        ERR129105
25           1        1        ERR124226
26           1        1        ERR129196
27           1        1        ERR069823
28           1        1        ERR124319
29           1        1        ERR068001
30           1        1        ERR129117
31           1        1        ERR069764
32           1        1        ERR068007
33           1        1        ERR068008
34           1        1        ERR067969
35           1        1        ERR069703
36           1        1        ERR129195
37           1        1        ERR065325
38           1        1        ERR124256
39           1        1        ERR129087
40           1        1        ERR069819
41           1        1        ERR129129
42           1        1        ERR065960
43           1        1        ERR069796
44           1        1        ERR065326
45           1        1        ERR069712
46           1        1        ERR124244
47           1        1        ERR129075
48           1        1        ERR069713
49           1        1        ERR069826
50           1        1        ERR065341
51           1        1        ERR069771
52           1        1        ERR069706
53           1        1        ERR065970
54           1        1        ERR129130
55           1        1        ERR129096
56           1        1        ERR129107
57           1        1        ERR069809
58           1        1        ERR065302
59           1        1        ERR124314
60           1        1        ERR069686
61           1        1        ERR069824
62           1        1        ERR068048
63           1        1        ERR065972
64           1        1        ERR129164
65           1        1        ERR069688
66           1        1        ERR124307
67           1        1        ERR067962
68           1        1        ERR124257
69           1        1        ERR129127
70           1        1        ERR065301
71           1        1        ERR124287
72           1        1        ERR068025
73           1        1        ERR067964
74           1        1        ERR069811
75           1        1        ERR069727
76           1        1        ERR129063
77           1        1        ERR065332
78           1        1        ERR129028
79           1        1        ERR065287
80           1        1        ERR129213
81           1        1        ERR129155
82           1        1        ERR129042
83           1        1        ERR129148
84           1        1        ERR129040
85           1        1        ERR069835
86           1        1        ERR129146
87           1        1        ERR129102
88           1        1        ERR069729
89           1        1        ERR129152
90           1        1        ERR069748
91           1        1        ERR069843
92           1        1        ERR124229
93           1        1        ERR129088
94           1        1        ERR069752
95           1        1        ERR065350
96           1        1        ERR129149
97           1        1        ERR129214
98           1        1        ERR069833
99           1        1        ERR124310
100          1        1        ERR068046
101          1        1        ERR129215
102          1        1        ERR129140
103          1        1        ERR069831
104          1        1        ERR068014
105          1        1        ERR124315
106          1        1        ERR124255
107          1        1        ERR065342
108          1        1        ERR124235
109          1        1        ERR129159
110          1        1        ERR129204
111          1        1        ERR129094
112          1        1        ERR069689
113          1        1        ERR069751
114          1        1        ERR068005
115          1        1        ERR069749
116          1        1        ERR067981
117          1        1        ERR067996
118          1        1        ERR129052
119          1        1        ERR069785
120          1        1        ERR069792
121          1        1        ERR124271
122          1        1        ERR069687
123          1        1        ERR124277
124          1        1        ERR124228
125          1        1        ERR129044
126          1        1        ERR065353
127          1        1        ERR129074
128          1        1        ERR069817
129          1        1        ERR065953
130          1        1        ERR129076
131          1        1        ERR129154
132          1        1        ERR069725
133          1        1        ERR068040
134          1        1        ERR129051
135          1        1        ERR129157
136          1        1        ERR124311
137          1        1        ERR069746
138          1        1        ERR068031
139          1        1        ERR067986
140          1        1        ERR124291
141          1        1        ERR129055
142          1        1        ERR069780
143          1        1        ERR065327
144          1        1        ERR069822
145          1        1        ERR129207
146          1        1        ERR124288
147          1        1        ERR129026
148          1        1        ERR124218
149          1        1        ERR068027
150          1        1        ERR069710
151          1        1        ERR065310
152          1        1        ERR129160
153          1        1        ERR065300
154          1        1        ERR069789
155          1        1        ERR065343
156          1        1        ERR069802
157          1        1        ERR129027
158          1        1        ERR129170
159          1        1        ERR129048
160          1        1        ERR065968
161          1        1        ERR065965
162          1        1        ERR068044
163          1        1        ERR129180
164          1        1        ERR068016
165          1        1        ERR065324
166          1        1        ERR129112
167          1        1        ERR129158
168          1        1        ERR069698
169          1        1        ERR069812
170          1        1        ERR124302
171          1        1        ERR129083
172          1        1        ERR065354
173          1        1        ERR069787
174          1        1        ERR068017
175          1        1        ERR129066
176          1        1        ERR129039
177          1        1        ERR065329
178          1        1        ERR124269
179          1        1        ERR129200
180          1        1        ERR067995
181          1        1        ERR068012
182          1        1        ERR124274
183          1        1        ERR067993
184          1        1        ERR069708
185          1        1        ERR129106
186          1        1        ERR069717
187          1        1        ERR067974
188          1        1        ERR069744
189          1        1        ERR129210
190          1        1        ERR129108
191          1        1        ERR129132
192          1        1        ERR069711
193          1        1        ERR068019
194          1        1        ERR129099
195          1        1        ERR129059
196          1        1        ERR065292
197          1        1        ERR067961
198          1        1        ERR069820
199          1        1        ERR129216
200          1        1        ERR129116
201          1        1        ERR124250
202          1        1        ERR069690
203          1        1        ERR065973
204          1        1        ERR065309
205          1        1        ERR124283
206          1        1        ERR065293
207          1        1        ERR069825
208          1        1        ERR069737
209          1        1        ERR124316
210          1        1        ERR065304
211          1        1        ERR129144
212          1        1        ERR124232
213          1        1        ERR068018
214          1        1        ERR124296
215          1        1        ERR067960
216          1        1        ERR068050
217          1        1        ERR068039
218          1        1        ERR068004
219          1        1        ERR129032
220          1        1        ERR124248
221          1        1        ERR068041
222          1        1        ERR129086
223          1        1        ERR065317
224          1        1        ERR069834
225          1        1        ERR069720
226          1        1        ERR129050
227          1        1        ERR129064
228          1        1        ERR069830
229          1        1        ERR069774
230          1        1        ERR129206
231          1        1        ERR124221
232          1        1        ERR129080
233          1        1        ERR068026
234          1        1        ERR129147
235          1        1        ERR069829
236          1        1        ERR129077
237          1        1        ERR067994
238          1        1        ERR069726
239          1        1        ERR065338
240          1        1        ERR129041
241          1        1        ERR065297
242          1        1        ERR129120
243          1        1        ERR129061
244          1        1        ERR124219
245          1        1        ERR065345
246          1        1        ERR124305
247          1        1        ERR069769
248          1        1        ERR065295
249          1        1        ERR069768
250          1        1        ERR129197
251          1        1        ERR065967
252          1        1        ERR124223
253          1        1        ERR069734
254          1        1        ERR129167
255          1        1        ERR129143
256          1        1        ERR124299
257          1        1        ERR129092
258          1        1        ERR129090
259          1        1        ERR068002
260          1        1        ERR068003
261          1        1        ERR124268
262          1        1        ERR129181
263          1        1        ERR069696
264          1        1        ERR129072
265          1        1        ERR065344
266          1        1        ERR129111
267          1        1        ERR068006
268          1        1        ERR068035
269          1        1        ERR124278
270          1        1        ERR069760
271          1        1        ERR067984
272          1        1        ERR069782
273          1        1        ERR124236
274          1        1        ERR068045
275          1        1        ERR065959
276          1        1        ERR129045
277          1        1        ERR069781
278          1        1        ERR069832
279          1        1        ERR065320
280          1        1        ERR124292
281          1        1        ERR129186
282          1        1        ERR124308
283          1        1        ERR129043
284          1        1        ERR069805
285          1        1        ERR124220
286          1        1        ERR069800
287          1        1        ERR068021
288          1        1        ERR067998
289          1        1        ERR124312
290          1        1        ERR065971
291          1        1        ERR129183
292          1        1        ERR068034
293          1        1        ERR065311
294          1        1        ERR068020
295          1        1        ERR069767
296          1        1        ERR067967
297          1        1        ERR069691
298          1        1        ERR129161
299          1        1        ERR069716
300          1        1        ERR124289
301          1        1        ERR129153
302          1        1        ERR067977
303          1        1        ERR129131
304          1        1        ERR069772
305          1        1        ERR124281
306          1        1        ERR069750
307          1        1        ERR069715
308          1        1        ERR124227
309          1        1        ERR069683
310          1        1        ERR069813
311          1        1        ERR124253
312          1        1        ERR069724
313          1        1        ERR065966
314          1        1        ERR069803
315          1        1        ERR124267
316          1        1        ERR124254
317          1        1        ERR129168
318          1        1        ERR124320
319          1        1        ERR065298
320          1        1        ERR069804
321          1        1        ERR065303
322          1        1        ERR065957
323          1        1        ERR068042
324          1        1        ERR069692
325          1        1        ERR124249
326          1        1        ERR069759
327          1        1        ERR069723
328          1        1        ERR067976
329          1        1        ERR065307
330          1        1        ERR065962
331          1        1        ERR069745
332          1        1        ERR129081
333          1        1        ERR069742
334          1        1        ERR069718
335          1        1        ERR124224
336          1        1        ERR069790
337          1        1        ERR069827
338          1        1        ERR129142
339          1        1        ERR124309
340          1        1        ERR069806
341          1        1        ERR129068
342          1        1        ERR067978
343          1        1        ERR069741
344          1        1        ERR129136
345          1        1        ERR129062
346          1        1        ERR129203
347          1        1        ERR068032
348          1        1        ERR065316
349          1        1        ERR124217
350          1        1        ERR067991
351          1        1        ERR124284
352          1        1        ERR129079
353          1        1        ERR069722
354          1        1        ERR124260
355          1        1        ERR069701
356          1        1        ERR129162
357          1        1        ERR129124
358          1        1        ERR124246
359          1        1        ERR065299
360          1        1        ERR129184
361          1        1        ERR124233
362          1        1        ERR124266
363          1        1        ERR069818
364          1        1        ERR068029
365          1        1        ERR124239
366          1        1        ERR124279
367          1        1        ERR129175
368          1        1        ERR065294
369          1        1        ERR129139
370          1        1        ERR069778
371          1        1        ERR068015
372          1        1        ERR129128
373          1        1        ERR129163
374          1        1        ERR068028
375          1        1        ERR065355
376          1        1        ERR068023
377          1        1        ERR069777
378          1        1        ERR069791
379          1        1        ERR124263
380          1        1        ERR069704
381          1        1        ERR129134
382          1        1        ERR129025
383          1        1        ERR065351
384          1        1        ERR069807
385          1        1        ERR129209
386          1        1        ERR069761
387          1        1        ERR129034
388          1        1        ERR129172
389          1        1        ERR124240
390          1        1        ERR065315
391          1        1        ERR065346
392          1        1        ERR069731
393          1        1        ERR069828
394          1        1        ERR069755
395          1        1        ERR129156
396          1        1        ERR067988
397          1        1        ERR069714
398          1        1        ERR068036
399          1        1        ERR129071
400          1        1        ERR129035
401          1        1        ERR069697
402          1        1        ERR065306
403          1        1        ERR069838
404          1        1        ERR065313
405          1        1        ERR129038
406          1        1        ERR124294
407          1        1        ERR124243
408          1        1        ERR067975
409          1        1        ERR129046
410          1        1        ERR129053
411          1        1        ERR124272
412          1        1        ERR065289
413          1        1        ERR124285
414          1        1        ERR129126
415          1        1        ERR129151
416          1        1        ERR124225
417          1        1        ERR065321
418          1        1        ERR068011
419          1        1        ERR124264
420          1        1        ERR069707
421          1        1        ERR124252
422          1        1        ERR129082
423          1        1        ERR069743
424          1        1        ERR067980
425          1        1        ERR069836
426          1        1        ERR068047
427          1        1        ERR065288
428          1        1        ERR124258
429          1        1        ERR065314
430          1        1        ERR124301
431          1        1        ERR129091
432          1        1        ERR067982
433          1        1        ERR124276
434          1        1        ERR129118
435          1        1        ERR065318
436          1        1        ERR068010
437          1        1        ERR129067
438          1        1        ERR065349
439          1        1        ERR068030
440          1        1        ERR069728
441          1        1        ERR067997
442          1        1        ERR065291
443          1        1        ERR069730
444          1        1        ERR069763
445          1        1        ERR124300
446          1        1        ERR129202
447          1        1        ERR124290
448          1        1        ERR129178
449          1        1        ERR069841
450          1        1        ERR065955
451          1        1        ERR129121
452          1        1        ERR067968
453          1        1        ERR069739
454          1        1        ERR069766
455          1        1        ERR069765
456          1        1        ERR129123
457          1        1        ERR067965
458          1        1        ERR065969
459          1        1        ERR069842
460          1        1        ERR129185
461          1        1        ERR069810
462          1        1        ERR129174
463          1        1        ERR124318
464          1        1        ERR129177
465          1        1        ERR065352
466          1        1        ERR129113
467          1        1        ERR069839
468          1        1        ERR129182
469          1        1        ERR069788
470          1        1        ERR067983
471          1        1        ERR069784
472          1        1        ERR065347
473          1        1        ERR065322
474          1        1        ERR069693
475          1        1        ERR129169
476          1        1        ERR068013
477          1        1        ERR124242
478          1        1        ERR129138
479          1        1        ERR065337
480          1        1        ERR129137
481          1        1        ERR124231
482          1        1        ERR129036
483          1        1        ERR124304
484          1        1        ERR065296
485          1        1        ERR065308
486          1        1        ERR065958
487          1        1        ERR124282
488          1        1        ERR067989
489          1        1        ERR129078
490          1        1        ERR129054
491          1        1        ERR069747
492          1        1        ERR069732
493          1        1        ERR129208
494          1        1        ERR124251
495          1        1        ERR129110
496          1        1        ERR065975
497          1        1        ERR129135
498          1        1        ERR069699
499          1        1        ERR069702
500          1        1        ERR069793
501          1        1        ERR129119
502          1        1        ERR124234
503          1        1        ERR124273
504          1        1        ERR068038
505          1        1        ERR068043
506          1        1        ERR065964
507          1        1        ERR129125
508          1        1        ERR069705
509          1        1        ERR065328
510          1        1        ERR129031
511          1        1        ERR129049
512          1        1        ERR129205
513          1        1        ERR069799
514          1        1        ERR067990
515          1        1        ERR069694
516          1        1        ERR129058
517          1        1        ERR068009
518          1        1        ERR124303
519          1        1        ERR065330
520          1        1        ERR129060
521          1        1        ERR129173
522          1        1        ERR124313
523          1        1        ERR069758
524          1        1        ERR069719
525          1        1        ERR124317
526          1        1        ERR129188
527          1        1        ERR124280
528          1        1        ERR069837
529          1        1        ERR129056
530          1        1        ERR124245
531          1        1        ERR069779
532          1        1        ERR129033
533          1        1        ERR069775
534          1        1        ERR068000
535          1        1        ERR069770
536          1        1        ERR069684
537          1        1        ERR124306
538          1        1        ERR129084
539          1        1        ERR129073
540          1        1        ERR069815
541          1        1        ERR069840
542          1        1        ERR129192
543          1        1        ERR069721
544          1        1        ERR069736
545          1        1        ERR129098
546          1        1        ERR069733
547          1        1        ERR129190
548          1        1        ERR069797
549          1        1        ERR069757
550          1        1        ERR065339
551          1        1        ERR069816
552          1        1        ERR124238
553          1        1        ERR069753
554          1        1        ERR129199
555          1        1        ERR068049
556          1        1        ERR069776
557          1        1        ERR129104
558          1        1        ERR069783
559          1        1        ERR129103
560          1        1        ERR069695
561          1        1        ERR067963
562          1        1        ERR129115
563          1        1        ERR068022
564          1        1        ERR124230
565          1        1        ERR069762
566          1        1        ERR067970
567          1        1        ERR069794
568          1        1        ERR124295
569          1        1        ERR067973
570          1        1        ERR069821
571          1        1        ERR067992
572          1        1        ERR065340
573          1        1        ERR069740
574          1        1        ERR065963
575          1        1        ERR129145
576          1        1        ERR124275
577          1        1        ERR065331
578          1        1        ERR067972
579          1        1        ERR124297
580          1        1        ERR068024
581          1        1        ERR067999
582          1        1        ERR065323
583          1        1        ERR124237
584          1        1        ERR067987
585          1        1        ERR129141
586          1        1        ERR065319
587          1        1        ERR065956
588          1        1        ERR129193
589          1        1        ERR129093
590          1        1        ERR069808
591          1        1        ERR129089
592          1        1        ERR129047
593          1        1        ERR129133
594          1        1        ERR065312
595          1        1        ERR065348
596          1        1        ERR067979
597          1        1        ERR129095
598          1        1        ERR124286
599          1        1        ERR129211
600          1        1        ERR129201
601          1        1        ERR068033
602          1        1        ERR124270
603          1        1        ERR124298
604          1        1        ERR129194
605          1        1        ERR129171
606          1        1        ERR129122
607          1        1        ERR129100
608          1        1        ERR129030
