StrainIndex  Lineage  Cluster  Name
1            3        4        ERR069738
2            1        1        ERR065974
3            2        7        ERR129065
4            3        9        ERR129037
5            3        5        ERR069700
6            3        3        ERR124247
7            2        8        ERR124222
8            3        9        ERR065305
9            3        9        ERR069786
10           2        8        ERR129179
11           3        5        ERR129176
12           3        6        ERR069709
13           3        9        ERR067985
14           3        6        ERR129212
15           3        4        ERR068037
16           3        6        ERR069814
17           2        8        ERR124241
18           3        9        ERR069795
19           2        8        ERR124293
20           3        3        ERR069735
21           3        4        ERR069773
22           3        5        ERR067966
23           3        9        ERR129029
24           3        9        ERR129105
25           2        7        ERR124226
26           3        9        ERR129196
27           3        3        ERR069823
28           3        5        ERR124319
29           3        5        ERR068001
30           3        5        ERR129117
31           2        7        ERR069764
32           3        6        ERR068007
33           3        9        ERR068008
34           3        5        ERR067969
35           2        8        ERR069703
36           3        9        ERR129195
37           2        7        ERR065325
38           3        4        ERR124256
39           2        8        ERR129087
40           3        3        ERR069819
41           3        9        ERR129129
42           2        7        ERR065960
43           3        9        ERR069796
44           3        9        ERR065326
45           3        6        ERR069712
46           3        6        ERR124244
47           2        8        ERR129075
48           3        9        ERR069713
49           2        7        ERR069826
50           1        1        ERR065341
51           3        9        ERR069771
52           2        8        ERR069706
53           3        9        ERR065970
54           1        1        ERR129130
55           3        4        ERR129096
56           2        7        ERR129107
57           3        4        ERR069809
58           3        4        ERR065302
59           3        3        ERR129187
60           3        5        ERR124314
61           3        4        ERR069686
62           2        8        ERR069824
63           3        4        ERR068048
64           3        9        ERR065972
65           3        6        ERR129164
66           3        4        ERR069688
67           3        9        ERR069685
68           3        4        ERR124307
69           2        8        ERR067962
70           3        6        ERR124257
71           3        9        ERR129127
72           3        9        ERR065301
73           2        7        ERR124287
74           2        7        ERR068025
75           3        3        ERR067964
76           2        7        ERR069811
77           3        9        ERR069727
78           3        9        ERR129063
79           3        5        ERR065332
80           3        9        ERR129028
81           3        9        ERR065287
82           3        5        ERR129213
83           2        7        ERR129155
84           3        5        ERR129042
85           2        8        ERR129148
86           3        4        ERR129040
87           3        3        ERR069835
88           2        7        ERR129146
89           2        8        ERR129102
90           2        8        ERR069729
91           2        7        ERR129152
92           3        6        ERR069748
93           2        8        ERR069843
94           3        9        ERR124229
95           3        6        ERR129088
96           3        9        ERR069752
97           3        4        ERR065350
98           3        9        ERR129149
99           3        9        ERR129214
100          3        9        ERR069833
101          3        6        ERR124310
102          3        9        ERR068046
103          3        9        ERR129215
104          3        9        ERR129140
105          3        9        ERR069831
106          2        7        ERR068014
107          3        9        ERR124315
108          2        8        ERR124255
109          3        9        ERR065342
110          3        5        ERR124235
111          3        9        ERR129159
112          3        4        ERR129204
113          2        7        ERR129094
114          3        6        ERR069689
115          3        9        ERR069751
116          2        8        ERR068005
117          2        8        ERR069749
118          3        6        ERR067981
119          3        4        ERR067996
120          3        9        ERR129052
121          3        9        ERR069785
122          2        2        ERR069792
123          2        7        ERR124271
124          3        9        ERR069687
125          2        8        ERR124277
126          3        6        ERR124228
127          2        7        ERR129044
128          3        6        ERR065353
129          2        8        ERR129074
130          3        9        ERR069817
131          3        6        ERR065953
132          2        7        ERR129076
133          3        9        ERR129154
134          3        5        ERR069725
135          3        9        ERR068040
136          3        6        ERR129051
137          3        5        ERR129157
138          3        4        ERR124311
139          3        3        ERR069746
140          2        2        ERR068031
141          3        9        ERR067986
142          3        9        ERR124291
143          2        7        ERR129055
144          2        7        ERR069780
145          2        7        ERR065327
146          3        9        ERR069822
147          3        9        ERR129207
148          3        5        ERR124288
149          3        5        ERR129026
150          2        7        ERR124218
151          2        7        ERR068027
152          3        6        ERR069710
153          3        9        ERR065310
154          3        9        ERR129160
155          2        8        ERR065300
156          3        6        ERR069789
157          3        4        ERR065343
158          2        7        ERR069802
159          3        6        ERR129027
160          3        9        ERR129170
161          3        6        ERR129048
162          3        6        ERR065968
163          1        1        ERR065965
164          2        8        ERR068044
165          3        6        ERR129180
166          2        7        ERR068016
167          2        8        ERR065324
168          3        9        ERR129112
169          3        6        ERR129158
170          3        5        ERR069698
171          3        3        ERR069812
172          3        9        ERR124302
173          3        9        ERR129083
174          2        2        ERR065354
175          3        5        ERR069787
176          3        9        ERR068017
177          2        7        ERR129066
178          2        7        ERR129039
179          2        8        ERR065329
180          3        9        ERR124269
181          2        8        ERR129200
182          3        5        ERR067995
183          3        6        ERR068012
184          3        5        ERR124274
185          3        6        ERR067993
186          3        5        ERR069708
187          2        7        ERR129106
188          3        9        ERR069717
189          3        9        ERR067974
190          3        5        ERR069744
191          3        9        ERR129210
192          3        9        ERR129108
193          3        6        ERR129132
194          3        9        ERR069711
195          2        8        ERR068019
196          2        8        ERR129099
197          3        9        ERR129059
198          3        3        ERR065292
199          3        6        ERR067961
200          3        9        ERR069820
201          3        9        ERR129216
202          2        7        ERR129116
203          2        8        ERR124250
204          3        6        ERR069690
205          2        8        ERR065973
206          3        6        ERR065309
207          3        5        ERR124283
208          2        7        ERR065293
209          2        7        ERR069825
210          2        8        ERR069737
211          2        8        ERR124316
212          2        7        ERR065304
213          3        9        ERR129144
214          2        7        ERR124232
215          3        6        ERR068018
216          3        9        ERR124296
217          3        9        ERR067960
218          3        9        ERR068050
219          3        4        ERR068039
220          3        6        ERR068004
221          3        9        ERR129032
222          3        4        ERR124248
223          3        9        ERR068041
224          2        8        ERR129086
225          3        9        ERR065317
226          2        8        ERR069834
227          2        8        ERR069720
228          2        7        ERR129050
229          3        3        ERR129064
230          2        7        ERR069830
231          3        9        ERR069774
232          2        7        ERR129206
233          3        9        ERR069801
234          3        5        ERR124221
235          3        9        ERR129080
236          3        5        ERR068026
237          2        7        ERR129147
238          3        9        ERR069829
239          3        9        ERR129077
240          2        7        ERR067994
241          2        8        ERR069726
242          3        5        ERR065338
243          2        7        ERR129041
244          3        5        ERR065297
245          3        9        ERR129120
246          3        5        ERR129061
247          3        9        ERR124219
248          2        7        ERR065345
249          3        6        ERR124305
250          2        7        ERR069769
251          3        6        ERR065295
252          3        6        ERR069768
253          3        9        ERR129197
254          3        3        ERR065967
255          3        6        ERR124223
256          3        6        ERR069734
257          3        5        ERR129167
258          2        8        ERR129143
259          2        8        ERR124299
260          3        6        ERR129092
261          3        6        ERR129090
262          2        8        ERR068002
263          2        8        ERR068003
264          3        9        ERR124268
265          3        9        ERR129181
266          3        9        ERR069696
267          3        9        ERR129072
268          3        3        ERR065344
269          3        6        ERR129111
270          3        6        ERR068006
271          2        8        ERR068035
272          3        9        ERR069798
273          1        1        ERR124278
274          3        9        ERR069760
275          3        9        ERR067984
276          2        8        ERR069782
277          2        8        ERR124236
278          3        9        ERR068045
279          2        7        ERR065959
280          3        3        ERR129045
281          3        9        ERR069781
282          3        6        ERR069832
283          3        5        ERR065320
284          3        6        ERR124292
285          3        9        ERR129186
286          3        5        ERR124308
287          3        5        ERR129043
288          3        9        ERR069805
289          3        9        ERR124220
290          3        9        ERR069800
291          3        6        ERR068021
292          3        9        ERR067998
293          3        6        ERR124312
294          3        9        ERR065971
295          3        9        ERR129183
296          3        9        ERR068034
297          2        7        ERR065311
298          3        6        ERR068020
299          3        4        ERR069767
300          2        7        ERR067967
301          3        9        ERR069691
302          2        7        ERR129161
303          3        6        ERR069716
304          2        7        ERR124289
305          3        9        ERR129153
306          3        4        ERR129057
307          3        6        ERR067977
308          3        9        ERR129131
309          2        8        ERR069772
310          3        9        ERR124281
311          3        6        ERR069750
312          3        6        ERR069715
313          3        5        ERR124227
314          2        7        ERR069683
315          2        8        ERR069813
316          3        6        ERR124253
317          3        5        ERR069724
318          3        9        ERR065966
319          3        6        ERR069803
320          3        9        ERR124267
321          2        7        ERR124254
322          3        9        ERR129168
323          3        9        ERR124320
324          2        7        ERR065298
325          3        9        ERR069804
326          3        5        ERR065303
327          3        6        ERR065957
328          2        7        ERR068042
329          2        2        ERR069692
330          3        5        ERR124249
331          2        8        ERR069759
332          2        2        ERR069723
333          2        7        ERR067976
334          2        7        ERR065307
335          3        3        ERR065962
336          3        9        ERR069745
337          3        9        ERR129081
338          3        5        ERR129198
339          3        6        ERR069742
340          3        6        ERR069718
341          3        6        ERR124224
342          3        9        ERR069790
343          3        6        ERR069827
344          3        9        ERR129142
345          2        7        ERR124309
346          2        8        ERR069806
347          3        9        ERR129068
348          3        5        ERR067978
349          2        8        ERR069741
350          3        9        ERR129136
351          2        8        ERR129062
352          2        7        ERR129203
353          3        5        ERR068032
354          3        6        ERR065316
355          3        6        ERR124217
356          2        7        ERR067991
357          3        9        ERR124284
358          3        9        ERR129079
359          2        8        ERR069722
360          3        4        ERR124260
361          3        6        ERR069701
362          2        8        ERR129162
363          3        4        ERR129124
364          3        9        ERR124246
365          2        7        ERR065299
366          2        7        ERR129184
367          2        8        ERR124233
368          3        6        ERR124266
369          3        9        ERR069818
370          2        8        ERR068029
371          3        5        ERR124239
372          2        8        ERR124279
373          3        9        ERR129175
374          3        6        ERR065294
375          3        9        ERR129139
376          3        4        ERR069778
377          2        7        ERR068015
378          3        5        ERR129128
379          2        8        ERR129163
380          3        5        ERR068028
381          3        9        ERR065355
382          3        5        ERR068023
383          3        5        ERR069777
384          2        8        ERR069791
385          3        9        ERR124263
386          3        9        ERR069704
387          2        8        ERR129134
388          3        9        ERR129025
389          2        8        ERR065351
390          3        6        ERR069807
391          3        9        ERR129209
392          3        9        ERR069761
393          3        9        ERR129034
394          3        9        ERR129172
395          3        9        ERR124240
396          3        9        ERR065315
397          2        7        ERR065346
398          3        4        ERR069731
399          3        9        ERR069828
400          3        3        ERR069755
401          3        4        ERR129156
402          2        8        ERR067988
403          3        9        ERR069714
404          2        8        ERR068036
405          2        8        ERR129071
406          2        8        ERR129035
407          2        2        ERR069697
408          2        7        ERR065306
409          3        6        ERR069838
410          2        7        ERR065313
411          2        7        ERR129038
412          3        5        ERR124294
413          3        6        ERR124243
414          2        7        ERR067975
415          3        9        ERR129046
416          3        9        ERR129053
417          3        5        ERR124272
418          1        1        ERR065289
419          3        6        ERR124285
420          3        6        ERR129126
421          3        3        ERR129151
422          3        9        ERR124225
423          3        4        ERR065321
424          3        9        ERR068011
425          2        7        ERR124264
426          3        9        ERR069707
427          2        8        ERR124252
428          2        7        ERR129082
429          2        7        ERR069743
430          2        7        ERR067980
431          3        4        ERR069836
432          3        9        ERR068047
433          3        9        ERR065288
434          2        8        ERR124258
435          2        8        ERR065314
436          2        8        ERR124301
437          3        9        ERR129091
438          2        8        ERR067982
439          3        6        ERR124276
440          3        9        ERR129118
441          2        7        ERR065318
442          3        9        ERR068010
443          3        6        ERR129067
444          2        8        ERR065349
445          3        9        ERR068030
446          2        8        ERR069728
447          2        7        ERR067997
448          3        9        ERR065291
449          2        8        ERR069730
450          3        5        ERR069763
451          3        5        ERR124300
452          3        9        ERR129202
453          2        8        ERR124290
454          3        9        ERR129178
455          3        6        ERR069841
456          2        7        ERR065955
457          3        6        ERR124265
458          3        9        ERR129121
459          3        9        ERR067968
460          2        7        ERR069739
461          2        7        ERR069766
462          3        3        ERR069765
463          3        9        ERR129123
464          3        4        ERR067965
465          3        9        ERR065969
466          2        8        ERR069842
467          3        6        ERR129185
468          2        2        ERR069810
469          3        9        ERR129174
470          3        4        ERR124318
471          3        9        ERR129177
472          3        6        ERR065352
473          3        6        ERR129113
474          3        9        ERR069839
475          3        9        ERR129182
476          3        6        ERR069788
477          3        6        ERR067983
478          3        6        ERR069784
479          3        4        ERR065347
480          3        4        ERR065290
481          2        7        ERR065322
482          2        8        ERR069693
483          2        7        ERR129169
484          3        6        ERR068013
485          3        9        ERR124242
486          3        9        ERR129138
487          3        9        ERR065337
488          3        9        ERR129137
489          3        3        ERR124231
490          2        8        ERR129036
491          3        6        ERR124304
492          1        1        ERR065296
493          3        9        ERR065308
494          2        8        ERR065958
495          3        6        ERR124282
496          3        6        ERR067989
497          2        8        ERR129078
498          2        7        ERR129054
499          3        5        ERR069747
500          3        3        ERR069732
501          2        7        ERR129208
502          3        9        ERR124251
503          3        4        ERR129110
504          3        9        ERR065975
505          3        4        ERR129135
506          2        8        ERR069699
507          3        9        ERR069702
508          2        8        ERR069793
509          2        8        ERR129119
510          3        9        ERR124234
511          2        8        ERR124273
512          3        9        ERR068038
513          3        6        ERR068043
514          3        9        ERR065964
515          3        9        ERR129125
516          3        9        ERR069705
517          3        9        ERR065328
518          2        8        ERR129031
519          2        8        ERR129049
520          2        7        ERR129205
521          3        9        ERR069799
522          2        8        ERR067990
523          2        7        ERR069694
524          3        6        ERR129058
525          3        4        ERR068009
526          3        5        ERR124303
527          3        3        ERR065330
528          3        5        ERR129060
529          2        8        ERR129173
530          3        9        ERR124313
531          3        9        ERR069758
532          3        3        ERR069719
533          2        7        ERR124317
534          3        4        ERR129188
535          3        9        ERR124280
536          3        9        ERR069837
537          3        4        ERR129056
538          2        7        ERR124245
539          3        9        ERR069779
540          3        9        ERR129033
541          3        4        ERR069775
542          3        9        ERR068000
543          3        3        ERR069770
544          3        9        ERR069684
545          2        8        ERR124306
546          3        9        ERR129084
547          3        6        ERR129073
548          3        3        ERR069815
549          3        4        ERR069840
550          2        7        ERR129192
551          3        3        ERR069721
552          3        9        ERR069736
553          2        7        ERR129098
554          2        8        ERR069733
555          3        9        ERR129190
556          3        9        ERR069797
557          3        6        ERR069757
558          3        5        ERR065339
559          2        8        ERR069816
560          2        7        ERR124238
561          3        9        ERR069753
562          3        6        ERR129199
563          3        5        ERR068049
564          3        9        ERR069776
565          2        8        ERR129104
566          3        4        ERR069783
567          3        9        ERR129103
568          2        7        ERR069695
569          2        8        ERR067963
570          3        6        ERR129115
571          2        8        ERR068022
572          2        7        ERR124230
573          2        8        ERR069762
574          2        8        ERR067970
575          3        9        ERR069794
576          3        9        ERR124295
577          2        7        ERR067973
578          3        9        ERR069821
579          2        8        ERR067992
580          3        9        ERR065340
581          3        3        ERR069740
582          3        5        ERR065963
583          3        6        ERR129145
584          2        8        ERR124275
585          3        9        ERR065331
586          3        6        ERR067972
587          3        5        ERR124297
588          3        9        ERR068024
589          2        8        ERR067999
590          3        9        ERR065323
591          3        6        ERR124237
592          3        5        ERR067987
593          2        7        ERR129141
594          3        9        ERR065319
595          2        8        ERR065956
596          2        8        ERR129193
597          3        9        ERR129093
598          3        6        ERR069808
599          2        8        ERR129089
600          3        3        ERR129047
601          2        7        ERR129133
602          2        8        ERR065312
603          2        7        ERR065348
604          2        8        ERR067979
605          2        7        ERR129095
606          3        5        ERR124286
607          3        9        ERR129211
608          3        4        ERR129201
609          2        8        ERR068033
610          3        9        ERR124270
611          3        9        ERR124298
612          2        7        ERR129194
613          3        9        ERR129171
614          2        7        ERR129122
615          2        7        ERR129100
616          3        9        ERR129030
