StrainIndex  Lineage  Cluster  Name
1            4        3        ERR069738
2            4        8        ERR065974
3            4        9        ERR129065
4            4        6        ERR129037
5            4        6        ERR069700
6            4        8        ERR124247
7            4        7        ERR124222
8            3        10       ERR065305
9            4        7        ERR069786
10           4        8        ERR129179
11           4        7        ERR129176
12           4        5        ERR069709
13           4        6        ERR067985
14           4        7        ERR129212
15           4        3        ERR068037
16           3        10       ERR069814
17           4        8        ERR124241
18           3        10       ERR069795
19           4        8        ERR124293
20           4        5        ERR069735
21           4        8        ERR069773
22           4        6        ERR067966
23           4        9        ERR129029
24           2        4        ERR129105
25           4        8        ERR124226
26           2        4        ERR129196
27           3        10       ERR069823
28           4        7        ERR124319
29           4        5        ERR068001
30           4        7        ERR129117
31           4        9        ERR069764
32           3        10       ERR068007
33           3        10       ERR068008
34           4        6        ERR067969
35           4        8        ERR069703
36           2        4        ERR129195
37           4        9        ERR065325
38           3        10       ERR124256
39           4        8        ERR129087
40           4        5        ERR069819
41           3        10       ERR129129
42           4        9        ERR065960
43           3        10       ERR069796
44           4        6        ERR065326
45           3        10       ERR069712
46           1        1        ERR124244
47           4        7        ERR129075
48           4        6        ERR069713
49           4        9        ERR069826
50           4        8        ERR065341
51           3        10       ERR069771
52           4        7        ERR069706
53           3        10       ERR065970
54           4        8        ERR129130
55           4        3        ERR129096
56           4        9        ERR129107
57           3        10       ERR069809
58           4        8        ERR065302
59           4        9        ERR129187
60           4        6        ERR124314
61           4        3        ERR069686
62           4        8        ERR069824
63           3        10       ERR068048
64           3        10       ERR065972
65           3        10       ERR129164
66           4        3        ERR069688
67           4        7        ERR069685
68           4        3        ERR124307
69           4        8        ERR067962
70           3        10       ERR124257
71           4        6        ERR129127
72           2        4        ERR065301
73           4        9        ERR124287
74           3        10       ERR067964
75           4        6        ERR069727
76           3        10       ERR129063
77           3        10       ERR065332
78           3        2        ERR129028
79           3        10       ERR065287
80           4        7        ERR129213
81           4        9        ERR129155
82           4        7        ERR129042
83           4        8        ERR129148
84           4        8        ERR129040
85           3        10       ERR069835
86           4        9        ERR129146
87           4        7        ERR129102
88           4        8        ERR069729
89           4        7        ERR069748
90           4        7        ERR069843
91           3        10       ERR124229
92           3        10       ERR129088
93           4        6        ERR069752
94           3        10       ERR065350
95           3        10       ERR129149
96           4        6        ERR129214
97           3        10       ERR069833
98           4        6        ERR068046
99           4        6        ERR129215
100          3        10       ERR129140
101          3        10       ERR069831
102          4        9        ERR068014
103          3        10       ERR124315
104          4        7        ERR124255
105          2        4        ERR065342
106          4        7        ERR124235
107          4        6        ERR129159
108          4        3        ERR129204
109          4        9        ERR129094
110          4        7        ERR069689
111          3        10       ERR069751
112          4        5        ERR068005
113          4        8        ERR069749
114          3        10       ERR067981
115          4        3        ERR067996
116          4        9        ERR129052
117          3        10       ERR069785
118          4        9        ERR069792
119          4        5        ERR124271
120          3        10       ERR069687
121          4        8        ERR124277
122          2        4        ERR124228
123          4        5        ERR065353
124          4        8        ERR129074
125          3        10       ERR069817
126          4        5        ERR065953
127          4        9        ERR129076
128          4        6        ERR129154
129          3        10       ERR069725
130          4        6        ERR068040
131          3        10       ERR129051
132          4        7        ERR129157
133          4        8        ERR124311
134          3        10       ERR069746
135          4        9        ERR068031
136          4        6        ERR067986
137          4        6        ERR124291
138          4        9        ERR129055
139          4        9        ERR069780
140          4        6        ERR069822
141          3        10       ERR129207
142          4        7        ERR124288
143          3        10       ERR129026
144          1        1        ERR124218
145          4        9        ERR068027
146          4        5        ERR069710
147          4        6        ERR065310
148          3        10       ERR129160
149          4        8        ERR065300
150          3        10       ERR069789
151          4        3        ERR065343
152          4        9        ERR069802
153          4        5        ERR129027
154          3        10       ERR129170
155          3        10       ERR065968
156          4        8        ERR065965
157          3        10       ERR068044
158          4        7        ERR129180
159          4        9        ERR068016
160          4        8        ERR065324
161          3        10       ERR129112
162          3        10       ERR129158
163          3        10       ERR069698
164          3        10       ERR069812
165          4        6        ERR124302
166          3        2        ERR129083
167          4        9        ERR065354
168          4        6        ERR069787
169          3        10       ERR068017
170          4        9        ERR129066
171          4        8        ERR065329
172          3        10       ERR124269
173          4        8        ERR129200
174          4        9        ERR067995
175          3        10       ERR068012
176          3        10       ERR124274
177          3        2        ERR067993
178          4        7        ERR069708
179          4        9        ERR129106
180          3        10       ERR069717
181          3        10       ERR067974
182          4        6        ERR069744
183          4        6        ERR129210
184          3        10       ERR129108
185          3        10       ERR129132
186          3        10       ERR069711
187          4        8        ERR068019
188          4        8        ERR129099
189          3        10       ERR129059
190          3        10       ERR065292
191          2        4        ERR067961
192          4        8        ERR069820
193          3        2        ERR129216
194          4        9        ERR129116
195          4        8        ERR124250
196          3        10       ERR069690
197          4        7        ERR065973
198          3        10       ERR124283
199          3        10       ERR065293
200          4        6        ERR069825
201          4        9        ERR069737
202          4        8        ERR124316
203          4        9        ERR065304
204          2        4        ERR129144
205          3        10       ERR068018
206          4        6        ERR124296
207          3        10       ERR067960
208          3        10       ERR068050
209          4        8        ERR068039
210          4        5        ERR068004
211          3        10       ERR129032
212          4        3        ERR124248
213          4        6        ERR068041
214          4        8        ERR129086
215          3        10       ERR065317
216          4        8        ERR069834
217          4        7        ERR069720
218          4        9        ERR129050
219          4        8        ERR129064
220          4        9        ERR069830
221          3        10       ERR069774
222          4        9        ERR129206
223          4        6        ERR069801
224          3        10       ERR124221
225          4        6        ERR129080
226          3        10       ERR068026
227          4        9        ERR129147
228          3        10       ERR069829
229          4        8        ERR129077
230          4        8        ERR069726
231          4        9        ERR065338
232          4        5        ERR129041
233          3        10       ERR065297
234          3        10       ERR129120
235          3        10       ERR129061
236          4        9        ERR124219
237          4        9        ERR065345
238          4        8        ERR069769
239          4        5        ERR065295
240          3        10       ERR069768
241          3        10       ERR129197
242          3        10       ERR065967
243          3        10       ERR124223
244          4        5        ERR069734
245          4        7        ERR129167
246          4        8        ERR129143
247          4        8        ERR124299
248          4        5        ERR129092
249          3        10       ERR129090
250          4        8        ERR068002
251          4        7        ERR068003
252          4        6        ERR124268
253          3        2        ERR129181
254          3        10       ERR069696
255          3        10       ERR129072
256          3        10       ERR065344
257          4        7        ERR068006
258          4        7        ERR068035
259          4        7        ERR069798
260          4        8        ERR124278
261          4        6        ERR069760
262          3        10       ERR067984
263          4        5        ERR069782
264          4        8        ERR124236
265          3        10       ERR068045
266          4        9        ERR065959
267          4        9        ERR129045
268          3        10       ERR069781
269          4        7        ERR069832
270          3        10       ERR065320
271          2        4        ERR124292
272          3        10       ERR129186
273          4        7        ERR124308
274          4        7        ERR129043
275          3        10       ERR069805
276          3        10       ERR124220
277          4        9        ERR069800
278          3        10       ERR068021
279          2        4        ERR067998
280          2        4        ERR124312
281          4        7        ERR065971
282          3        10       ERR129183
283          3        10       ERR068034
284          4        9        ERR065311
285          3        10       ERR068020
286          4        3        ERR069767
287          4        9        ERR067967
288          3        10       ERR069691
289          4        9        ERR129161
290          4        7        ERR069716
291          4        5        ERR124289
292          3        10       ERR129153
293          4        8        ERR129057
294          3        10       ERR067977
295          4        6        ERR129131
296          4        8        ERR069772
297          3        10       ERR124281
298          4        7        ERR069750
299          3        10       ERR069715
300          4        7        ERR124227
301          3        10       ERR069683
302          4        5        ERR069813
303          3        10       ERR069724
304          4        9        ERR065966
305          3        2        ERR069803
306          3        10       ERR124267
307          4        7        ERR129168
308          2        4        ERR124320
309          4        6        ERR069804
310          4        7        ERR065303
311          4        5        ERR065957
312          3        10       ERR068042
313          4        9        ERR069692
314          3        10       ERR124249
315          4        5        ERR069759
316          4        9        ERR069723
317          4        9        ERR067976
318          4        9        ERR065307
319          3        10       ERR065962
320          3        10       ERR069745
321          3        10       ERR129081
322          3        10       ERR129198
323          4        8        ERR069742
324          2        4        ERR069718
325          2        4        ERR124224
326          4        9        ERR069790
327          4        5        ERR069827
328          3        10       ERR129142
329          4        5        ERR124309
330          4        8        ERR069806
331          4        6        ERR129068
332          3        10       ERR067978
333          4        5        ERR069741
334          3        2        ERR129136
335          4        7        ERR129062
336          1        1        ERR129203
337          3        10       ERR068032
338          4        9        ERR067991
339          3        10       ERR124284
340          4        6        ERR129079
341          4        6        ERR069722
342          4        3        ERR124260
343          4        7        ERR069701
344          3        10       ERR129162
345          4        8        ERR129124
346          4        6        ERR124246
347          4        9        ERR065299
348          4        5        ERR129184
349          4        7        ERR124233
350          2        4        ERR069818
351          4        8        ERR068029
352          3        10       ERR124239
353          4        8        ERR124279
354          3        10       ERR129175
355          4        8        ERR065294
356          4        6        ERR129139
357          4        3        ERR069778
358          4        9        ERR068015
359          4        6        ERR129128
360          4        8        ERR129163
361          3        10       ERR068028
362          4        9        ERR065355
363          4        7        ERR068023
364          4        9        ERR069777
365          4        7        ERR069791
366          3        10       ERR124263
367          3        10       ERR069704
368          4        8        ERR129134
369          3        10       ERR129025
370          4        8        ERR065351
371          4        9        ERR069807
372          3        10       ERR129209
373          3        10       ERR069761
374          3        10       ERR129034
375          4        7        ERR129172
376          4        6        ERR124240
377          4        9        ERR065315
378          4        9        ERR065346
379          3        10       ERR069731
380          3        10       ERR069828
381          3        10       ERR069755
382          4        3        ERR129156
383          4        8        ERR067988
384          2        4        ERR069714
385          4        7        ERR068036
386          4        7        ERR129071
387          4        8        ERR129035
388          4        9        ERR069697
389          4        9        ERR065306
390          4        5        ERR069838
391          4        9        ERR065313
392          4        9        ERR129038
393          4        7        ERR124294
394          2        4        ERR124243
395          4        6        ERR067975
396          3        10       ERR129046
397          2        4        ERR129053
398          3        10       ERR124272
399          4        8        ERR065289
400          3        10       ERR124285
401          3        10       ERR129126
402          4        9        ERR129151
403          3        10       ERR124225
404          4        8        ERR065321
405          3        10       ERR068011
406          4        6        ERR069707
407          3        2        ERR124252
408          4        9        ERR129082
409          4        9        ERR069743
410          4        9        ERR067980
411          4        3        ERR069836
412          4        6        ERR068047
413          3        10       ERR065288
414          1        1        ERR124258
415          4        7        ERR065314
416          4        8        ERR124301
417          3        10       ERR129091
418          3        2        ERR067982
419          2        4        ERR124276
420          3        10       ERR129118
421          4        5        ERR065318
422          2        4        ERR068010
423          2        4        ERR129067
424          4        6        ERR065349
425          4        7        ERR068030
426          4        8        ERR069728
427          3        10       ERR065291
428          4        8        ERR069730
429          4        6        ERR069763
430          3        10       ERR124300
431          3        2        ERR129202
432          4        8        ERR124290
433          4        6        ERR129178
434          3        2        ERR069841
435          4        9        ERR065955
436          3        10       ERR124265
437          3        10       ERR129121
438          4        6        ERR067968
439          4        9        ERR069739
440          3        10       ERR069765
441          3        10       ERR129123
442          4        3        ERR067965
443          4        7        ERR065969
444          4        7        ERR069842
445          3        10       ERR129185
446          4        9        ERR069810
447          3        10       ERR129174
448          4        3        ERR124318
449          4        6        ERR129177
450          4        8        ERR065352
451          3        10       ERR129113
452          4        6        ERR069839
453          2        4        ERR129182
454          4        5        ERR069788
455          4        7        ERR067983
456          4        5        ERR069784
457          3        10       ERR065347
458          4        8        ERR065290
459          4        9        ERR065322
460          4        7        ERR069693
461          3        10       ERR068013
462          4        6        ERR124242
463          3        2        ERR129138
464          3        10       ERR065337
465          4        6        ERR129137
466          3        10       ERR124231
467          4        7        ERR129036
468          3        10       ERR124304
469          4        8        ERR065296
470          4        6        ERR065308
471          3        10       ERR065958
472          3        10       ERR124282
473          4        7        ERR067989
474          4        7        ERR129078
475          3        10       ERR129054
476          4        6        ERR069747
477          3        10       ERR069732
478          4        9        ERR129208
479          3        10       ERR124251
480          3        2        ERR129110
481          3        10       ERR065975
482          4        8        ERR129135
483          4        7        ERR069699
484          4        6        ERR069702
485          4        7        ERR069793
486          4        8        ERR129119
487          3        10       ERR124234
488          4        8        ERR124273
489          3        10       ERR068038
490          4        5        ERR068043
491          4        6        ERR065964
492          3        10       ERR129125
493          3        10       ERR069705
494          3        10       ERR065328
495          4        7        ERR129031
496          4        7        ERR129049
497          4        9        ERR129205
498          2        4        ERR069799
499          4        7        ERR067990
500          4        9        ERR069694
501          3        10       ERR129058
502          4        9        ERR068009
503          4        6        ERR124303
504          3        10       ERR065330
505          3        10       ERR129060
506          4        8        ERR129173
507          3        10       ERR124313
508          3        10       ERR069758
509          3        10       ERR069719
510          4        8        ERR129188
511          3        10       ERR124280
512          4        6        ERR069837
513          4        8        ERR129056
514          4        9        ERR124245
515          4        7        ERR069779
516          3        10       ERR129033
517          4        8        ERR069775
518          4        6        ERR068000
519          3        10       ERR069770
520          3        10       ERR069684
521          1        1        ERR124306
522          4        8        ERR129084
523          2        4        ERR129073
524          4        9        ERR069815
525          4        5        ERR069840
526          4        9        ERR129192
527          3        10       ERR069721
528          4        9        ERR069736
529          4        9        ERR129098
530          4        8        ERR069733
531          3        10       ERR129190
532          3        10       ERR069797
533          4        9        ERR065339
534          4        8        ERR069816
535          4        9        ERR124238
536          3        10       ERR069753
537          3        10       ERR129199
538          3        10       ERR068049
539          3        10       ERR069776
540          4        8        ERR129104
541          4        3        ERR069783
542          3        2        ERR129103
543          4        9        ERR069695
544          4        8        ERR067963
545          4        5        ERR129115
546          4        6        ERR068022
547          4        9        ERR124230
548          4        7        ERR069762
549          4        8        ERR067970
550          3        10       ERR069794
551          3        10       ERR124295
552          4        9        ERR067973
553          3        10       ERR069821
554          4        8        ERR067992
555          3        10       ERR065340
556          3        10       ERR069740
557          4        6        ERR065963
558          4        8        ERR124275
559          4        9        ERR065331
560          3        10       ERR067972
561          4        7        ERR124297
562          3        10       ERR068024
563          4        7        ERR067999
564          3        10       ERR065323
565          3        10       ERR124237
566          4        9        ERR067987
567          4        9        ERR129141
568          3        10       ERR065319
569          4        8        ERR065956
570          4        7        ERR129193
571          4        6        ERR129093
572          4        9        ERR069808
573          4        8        ERR129089
574          4        9        ERR129047
575          4        9        ERR129133
576          1        1        ERR065312
577          4        9        ERR065348
578          4        5        ERR067979
579          4        9        ERR129095
580          4        7        ERR124286
581          4        6        ERR129211
582          3        10       ERR129201
583          4        8        ERR068033
584          3        10       ERR124270
585          4        6        ERR124298
586          4        9        ERR129171
587          4        9        ERR129122
588          4        9        ERR129100
589          3        2        ERR129030
