16d 0 4 16c 176 180
16d 4 9 12 201 206
16d 9 11 9 101 103
16d 11 12 8 59 60
16d 12 12 15 81 81
16d 12 14 16g 49 51
16d 14 17 1 38 41
16d 17 17 16a 13 13
16d 17 21 16b 74 78
16d 21 22 5 26 27
16d 22 22 11 65 65
16d 22 24 16h 4 6
16d 24 25 14 15 16
16d 25 25 16e 7 7
16d 25 25 10 21 21
16d 25 25 13 21 21
16d 25 25 6 31 31
16d 25 25 3 20 20
16d 25 26 7 14 15
16d 26 27 2 25 26
16c 0 8 16d 27 35
16c 8 18 12 206 216
16c 18 25 11 65 72
16c 25 41 16b 78 94
16c 41 48 9 103 110
16c 48 57 8 60 69
16c 57 67 13 21 31
16c 67 71 16a 13 17
16c 71 76 16h 6 11
16c 76 86 6 31 41
16c 86 88 3 20 22
16c 88 99 16g 51 62
16c 99 104 7 15 20
16c 104 110 15 81 87
16c 110 113 5 27 30
16c 113 126 1 41 54
16c 126 130 2 26 30
16c 130 135 14 16 21
16c 135 140 10 21 26
16c 140 162 16c 180 202
16c 162 169 16f 4 11
16c 169 174 4 15 20
16c 174 176 16e 7 9
12 0 9 16d 35 44
12 9 16 16h 11 18
12 16 27 9 110 121
12 27 35 13 31 39
12 35 39 16e 9 13
12 39 46 15 87 94
12 46 58 16g 62 74
12 58 88 16c 202 232
12 88 102 16b 94 108
12 102 104 11 72 74
12 104 111 8 69 76
12 111 121 12 216 226
12 121 130 1 54 63
12 130 137 14 21 28
12 137 147 6 41 51
12 147 153 4 20 26
12 153 164 16a 17 28
12 164 172 7 20 28
12 172 184 16f 11 23
12 184 187 2 30 33
12 187 190 3 22 25
12 190 199 10 26 35
12 199 201 5 30 32
16g 0 4 6 51 55
16g 4 5 11 74 75
16g 5 7 16g 74 76
16g 7 10 12 226 229
16g 10 12 15 94 96
16g 12 14 2 33 35
16g 14 16 16b 108 110
16g 16 20 16d 44 48
16g 20 23 10 35 38
16g 23 25 8 76 78
16g 25 26 16h 18 19
16g 26 37 16c 232 243
16g 37 41 16a 28 32
16g 41 42 3 25 26
16g 42 45 9 121 124
16g 45 45 4 26 26
16g 45 46 5 32 33
16g 46 47 1 63 64
16g 47 48 16f 23 24
16g 48 49 13 39 40
16g 49 49 7 28 28
6 0 1 16g 76 77
6 1 1 11 75 75
6 1 2 9 124 125
6 2 7 6 55 60
6 7 9 12 229 231
6 9 11 15 96 98
6 11 15 16c 243 247
6 15 17 3 26 28
6 17 17 16h 19 19
6 17 17 4 26 26
6 17 20 8 78 81
6 20 20 2 35 35
6 20 20 13 40 40
6 20 23 16b 110 113
6 23 23 1 64 64
6 23 24 5 33 34
6 24 27 16f 24 27
6 27 28 16e 13 14
6 28 29 16d 48 49
6 29 30 14 28 29
6 30 31 16a 32 33
6 31 31 10 38 38
16h 0 0 12 231 231
16h 0 0 16c 247 247
16h 0 1 6 60 61
16h 1 3 16b 113 115
16h 3 3 4 26 26
16h 3 3 16g 77 77
16h 3 3 9 125 125
16h 3 3 8 81 81
16h 3 3 11 75 75
16h 3 3 15 98 98
16h 3 3 16d 49 49
16h 3 3 13 40 40
16h 3 3 3 28 28
16h 3 3 1 64 64
16h 3 4 16h 19 20
9 0 5 12 231 236
9 5 5 11 75 75
9 5 21 16c 247 263
9 21 25 16d 49 53
9 25 33 6 61 69
9 33 36 10 38 41
9 36 41 1 64 69
9 41 50 16b 115 124
9 50 53 13 40 43
9 53 55 15 98 100
9 55 59 8 81 85
9 59 64 4 26 31
9 64 65 5 34 35
9 65 74 9 125 134
9 74 75 16a 33 34
9 75 78 16h 20 23
9 78 80 2 35 37
9 80 81 16e 14 15
9 81 85 14 29 33
9 85 89 16g 77 81
9 89 95 16f 27 33
9 95 99 7 28 32
9 99 101 3 28 30
13 0 1 12 236 237
13 1 4 16c 263 266
13 4 6 16b 124 126
13 6 7 9 134 135
13 7 8 15 100 101
13 8 12 6 69 73
13 12 13 3 30 31
13 13 14 11 75 76
13 14 14 4 31 31
13 14 14 8 85 85
13 14 15 1 69 70
13 15 17 16h 23 25
13 17 18 16f 33 34
13 18 18 2 37 37
13 18 19 16g 81 82
13 19 20 14 33 34
13 20 21 16d 53 54
13 21 21 7 32 32
16e 0 0 12 237 237
16e 0 0 11 76 76
16e 0 1 9 135 136
16e 1 2 3 31 32
16e 2 3 5 35 36
16e 3 4 8 85 86
16e 4 5 6 73 74
16e 5 6 16d 54 55
16e 6 6 2 37 37
16e 6 7 16c 266 267
16e 7 7 16b 126 126
16e 7 7 1 70 70
16e 7 7 10 41 41
16e 7 7 7 32 32
16e 7 7 15 101 101
11 0 5 16g 82 87
11 5 9 9 136 140
11 9 13 6 74 78
11 13 19 11 76 82
11 19 28 16c 267 276
11 28 31 12 237 240
11 31 34 8 86 89
11 34 35 14 34 35
11 35 38 15 101 104
11 38 40 13 43 45
11 40 41 16e 15 16
11 41 42 10 41 42
11 42 47 16b 126 131
11 47 52 16f 34 39
11 52 54 16a 34 36
11 54 56 1 70 72
11 56 57 5 36 37
11 57 59 16h 25 27
11 59 60 16d 55 56
11 60 61 2 37 38
11 61 62 7 32 33
11 62 64 3 32 34
11 64 65 4 31 32
15 0 4 12 240 244
15 4 11 16g 87 94
15 11 17 6 78 84
15 17 21 9 140 144
15 21 30 16d 56 65
15 30 32 3 34 36
15 32 34 13 45 47
15 34 34 4 32 32
15 34 40 15 104 110
15 40 43 5 37 40
15 43 47 16a 36 40
15 47 53 16b 131 137
15 53 62 16c 276 285
15 62 64 11 82 84
15 64 67 8 89 92
15 67 69 16f 39 41
15 69 72 14 35 38
15 72 74 16h 27 29
15 74 76 1 72 74
15 76 77 2 38 39
15 77 78 7 33 34
15 78 80 16e 16 18
15 80 81 10 42 43
16b 0 4 12 244 248
16b 4 8 1 74 78
16b 8 23 16c 285 300
16b 23 27 8 92 96
16b 27 31 9 144 148
16b 31 38 13 47 54
16b 38 43 16g 94 99
16b 43 45 2 39 41
16b 45 49 16h 29 33
16b 49 50 4 32 33
16b 50 52 7 34 36
16b 52 54 15 110 112
16b 54 55 16a 40 41
16b 55 59 6 84 88
16b 59 66 16b 137 144
16b 66 68 11 84 86
16b 68 69 5 40 41
16b 69 70 16d 65 66
16b 70 72 3 36 38
16b 72 73 16e 18 19
16b 73 74 16f 41 42
16b 74 74 10 43 43
1 0 3 16b 144 147
1 3 5 9 148 150
1 5 7 12 248 250
1 7 8 8 96 97
1 8 10 16d 66 68
1 10 16 16c 300 306
1 16 20 3 38 42
1 20 21 10 43 44
1 21 23 4 33 35
1 23 25 6 88 90
1 25 26 16a 41 42
1 26 27 1 78 79
1 27 28 2 41 42
1 28 28 14 38 38
1 28 28 11 86 86
1 28 29 13 54 55
1 29 31 5 41 43
1 31 34 16h 33 36
1 34 35 16g 99 100
1 35 36 15 112 113
1 36 37 16e 19 20
1 37 38 7 36 37
10 0 0 9 150 150
10 0 2 16g 100 102
10 2 2 16a 42 42
10 2 5 1 79 82
10 5 5 11 86 86
10 5 7 16c 306 308
10 7 8 12 250 251
10 8 8 2 42 42
10 8 12 8 97 101
10 12 13 16f 42 43
10 13 14 16d 68 69
10 14 16 16b 147 149
10 16 17 14 38 39
10 17 19 6 90 92
10 19 20 5 43 44
10 20 21 16e 20 21
10 21 21 15 113 113
8 0 4 16b 149 153
8 4 6 11 86 88
8 6 15 16c 308 317
8 15 19 16a 42 46
8 19 25 8 101 107
8 25 26 16f 43 44
8 26 32 12 251 257
8 32 36 16d 69 73
8 36 39 5 44 47
8 39 40 7 37 38
8 40 41 1 82 83
8 41 42 9 150 151
8 42 44 14 39 41
8 44 47 16g 102 105
8 47 51 6 92 96
8 51 52 2 42 43
8 52 54 15 113 115
8 54 55 16h 36 37
8 55 58 13 55 58
8 58 59 16e 21 22
8 59 59 3 42 42
8 59 59 10 44 44
16a 0 0 8 107 107
16a 0 2 16c 317 319
16a 2 2 12 257 257
16a 2 2 16g 105 105
16a 2 2 15 115 115
16a 2 4 16d 73 75
16a 4 5 4 35 36
16a 5 7 16b 153 155
16a 7 9 10 44 46
16a 9 10 9 151 152
16a 10 10 1 83 83
16a 10 11 11 88 89
16a 11 12 2 43 44
16a 12 13 6 96 97
16a 13 13 5 47 47
16f 0 0 8 107 107
16f 0 0 12 257 257
16f 0 0 2 44 44
16f 0 0 11 89 89
16f 0 2 16c 319 321
16f 2 2 15 115 115
16f 2 2 9 152 152
16f 2 3 13 58 59
16f 3 4 6 97 98
16f 4 4 10 46 46
16f 4 4 16g 105 105
16f 4 4 16b 155 155
16f 4 4 7 38 38
2 0 2 16g 105 107
2 2 5 16b 155 158
2 5 6 12 257 258
2 6 8 16f 44 46
2 8 10 6 98 100
2 10 12 8 107 109
2 12 13 1 83 84
2 13 14 16c 321 322
2 14 15 9 152 153
2 15 17 3 42 44
2 17 18 5 47 48
2 18 20 16a 46 48
2 20 21 10 46 47
2 21 22 13 59 60
2 22 23 2 44 45
2 23 23 11 89 89
2 23 24 16e 22 23
2 24 25 4 36 37
2 25 25 15 115 115
2 25 25 16d 75 75
2 25 25 7 38 38
14 0 4 12 258 262
14 4 5 11 89 90
14 5 7 8 109 111
14 7 7 5 48 48
14 7 7 7 38 38
14 7 9 14 41 43
14 9 11 3 44 46
14 11 13 16c 322 324
14 13 14 1 84 85
14 14 14 9 153 153
14 14 15 15 115 116
14 15 15 16d 75 75
14 15 15 13 60 60
14 15 15 6 100 100
14 15 15 10 47 47
5 0 2 8 111 113
5 2 2 4 37 37
5 2 3 14 43 44
5 3 5 15 116 118
5 5 8 9 153 156
5 8 13 16c 324 329
5 13 15 16b 158 160
5 15 18 6 100 103
5 18 18 16e 23 23
5 18 18 16d 75 75
5 18 19 11 90 91
5 19 20 1 85 86
5 20 20 2 45 45
5 20 22 16g 107 109
5 22 23 12 262 263
5 23 24 5 48 49
5 24 24 10 47 47
5 24 26 16a 48 50
7 0 0 8 113 113
7 0 0 12 263 263
7 0 1 14 44 45
7 1 2 4 37 38
7 2 3 16b 160 161
7 3 7 16c 329 333
7 7 7 9 156 156
7 7 8 16g 109 110
7 8 9 11 91 92
7 9 10 16d 75 76
7 10 10 15 118 118
7 10 10 1 86 86
7 10 11 16f 46 47
7 11 12 16e 23 24
7 12 13 2 45 46
7 13 14 13 60 61
4 0 1 12 263 264
4 1 2 5 49 50
4 2 3 3 46 47
4 3 6 16b 161 164
4 6 8 6 103 105
4 8 10 16h 37 39
4 10 11 15 118 119
4 11 11 7 38 38
4 11 11 9 156 156
4 11 11 16a 50 50
4 11 11 1 86 86
4 11 12 13 61 62
4 12 15 16g 110 113
4 15 15 16c 333 333
4 15 15 2 46 46
4 15 15 11 92 92
3 0 2 6 105 107
3 2 3 15 119 120
3 3 4 12 264 265
3 4 7 16c 333 336
3 7 8 4 38 39
3 8 8 14 45 45
3 8 8 13 62 62
3 8 8 1 86 86
3 8 8 16e 24 24
3 8 11 16g 113 116
3 11 13 8 113 115
3 13 14 2 46 47
3 14 15 16h 39 40
3 15 15 16b 164 164
3 15 17 9 156 158
3 17 18 16d 76 77
3 18 19 11 92 93
3 19 20 3 47 48
