Size
55
55
1510
608
37
37
608
608
1510
1510
608
608
608
608
608
608
1510
52
52
52
52
52
43
43
6
6
6
6
138
48
216
119
119
119
45
45
45
45
45
45
45
585
585
85
586
586
94
21
41
10
187
187
160
59
59
59
160
59
59
160
38
38
38
59
38
38
59
59
815
815
87
250
52
553
553
87
553
815
22
250
815
87
815
87
553
66
52
52
52
52
52
52
52
52
52
52
52
52
52
52
52
21
17
152
17
55
55
55
55
42
582
269
56
21
21
750
21
21
750
21
34
119
119
119
119
119
119
172
99
172
59
622
622
392
622
392
622
392
622
392
181
86
62
181
108
11
46
46
11
46
46
46
46
20
20
46
20
20
20
46
5
46
20
20
20
143
143
21
21
202
21
155
199
5
7
72
72
5
7
208
208
208
39
208
208
39
406
406
406
406
32
406
207
15
15
16
33
320
320
320
320
320
320
511
511
511
511
511
511
511
511
511
511
160
160
160
160
160
160
160
160
160
251
251
251
251
251
251
251
251
251
251
251
251
251
251
251
251
251
25
38
79
79
79
79
143
141
141
141
141
141
141
141
53
53
53
546
546
546
546
546
59
59
471
16
16
180
471
471
65
55
451
392
392
392
392
17
291
291
291
291
291
291
291
291
71
71
16
183
183
20
106
106
106
61
23
280
530
468
452
468
23
530
5
45
60
40
60
77
45
5
45
36
138
11
246
60
60
60
147
30
147
60
147
139
12
71
71
24
24
24
24
24
24
24
24
24
24
24
24
24
313
313
313
1120
384
721
264
721
721
237
384
80
230
80
237
86
11
11
15
135
75
12
12
12
130
167
167
66
5
59
5
153
331
64
20
41
41
84
60
661
37
661
661
661
661
661
661
121
215
18
207
190
213
28
12
12
12
16
12
12
12
18
18
19
19
77
77
378
378
378
378
89
1062
1062
1062
1062
47
47
47
47
11
11
250
222
127
81
81
81
67
67
67
212
606
364
58
144
30
30
30
30
30
30
30
30
30
53
87
87
87
444
87
87
87
114
114
114
114
75
219
22
22
22
22
328
58
14
30
70
280
280
384
280
126
126
4446
311
65
65
65
65
65
65
65
65
26
26
26
26
48
48
48
48
48
86
86
155
155
114
183
183
155
155
155
114
155
114
155
183
155
183
183
155
183
155
155
114
114
114
183
155
155
155
114
183
155
183
155
155
59
52
52
52
75
75
52
149
52
242
95
58
222
222
111
222
42
1217
27
189
189
57
352
240
11
215
80
80
49
28
80
80
49
80
78
101
101
101
101
101
101
101
73
73
73
73
73
73
73
100
100
13
39
85
85
21
21
97
21
21
97
21
21
21
37
386
37
37
37
84
1223
1223
84
1223
84
1223
1223
115
191
191
32
24
479
1462
53
249
1017
479
249
182
182
1017
182
1017
16
479
1462
479
1017
479
1017
242
1017
1462
1462
108
53
9
58
29
5
22
28
58
382
366
58
366
366
382
366
382
366
28
382
382
51
37
51
204
49
310
310
49
30
49
68
49
68
68
68
68
68
68
68
68
68
48
68
68
12
68
122
122
109
52
428
111
111
428
428
428
338
428
111
428
111
250
111
250
428
11
21
11
181
181
58
339
295
339
176
339
358
358
358
358
358
91
358
358
358
358
358
358
358
358
358
91
37
56
377
377
176
266
16
28
28
28
28
28
28
28
28
28
75
395
185
350
350
350
350
350
350
20
5
21
186
186
66
109
6
167
336
336
336
336
440
63
515
515
515
515
515
515
515
515
515
79
79
98
184
698
698
2405
2405
636
698
183
698
698
2405
2405
184
2405
49
2405
25
1389
152
45
395
1389
553
35
88
35
35
35
20
20
20
20
20
10
20
20
20
325
325
365
258
325
325
392
89
89
11
89
89
89
89
6
312
143
163
44
242
46
70
82
300
300
300
51
51
51
257
140
140
9
13
75
75
68
14
16
1036
275
275
1036
12
23
12
12
12
5
23
12
32
32
419
419
220
220
14
14
14
10
19
9
219
219
16
219
18
219
16
351
351
351
270
351
351
150
130
130
47
669
25
62
669
669
62
449
22
669
19
19
19
4
6
256
110
256
256
110
110
110
11
46
76
46
26
26
46
46
46
26
26
46
11
69
69
69
69
69
69
69
69
69
73
73
73
73
11
25
35
35
42
17
25
41
98
164
98
164
164
164
98
164
164
98
98
164
98
164
164
164
164
164
164
164
98
164
164
98
224
55
55
55
6
55
55
23
23
23
91
30
20
20
45
20
30
18
20
20
20
20
45
70
55
98
261
561
561
269
131
143
131
269
561
48
449
168
459
488
488
449
167
488
54
183
26
168
183
54
54
96
48
164
48
167
167
183
449
168
168
168
54
99
167
459
164
449
459
6
147
147
147
147
56
11
3
9
9
9
9
9
9
25
10
10
183
10
183
10
25
362
27
17
4
26
23
2
470
159
39
55
159
18
18
55
39
55
55
55
55
105
